/*--------------------------------*- C++ -*----------------------------------*\
| =========                 |                                                 |
| \\      /  F ield         | OpenFOAM: The Open Source CFD Toolbox           |
|  \\    /   O peration     | Version:  2.1.1                                 |
|   \\  /    A nd           | Web:      www.OpenFOAM.org                      |
|    \\/     M anipulation  |                                                 |
\*---------------------------------------------------------------------------*/
FoamFile
{
    version     2.0;
    format      ascii;
    class       volScalarField;
    location    "0";
    object      yPlus;
}
// * * * * * * * * * * * * * * * * * * * * * * * * * * * * * * * * * * * * * //

dimensions      [0 0 0 0 0 0 0];

internalField   uniform 0;

boundaryField
{
    inlet
    {
        type            calculated;
        value           uniform 0;
    }
    outlet
    {
        type            calculated;
        value           uniform 0;
    }
    tunnel_walls
    {
        type            calculated;
        value           nonuniform List<scalar> 
2660
(
4.74114
4.74114
4.74114
4.74114
4.74114
4.74114
4.74114
4.74114
4.74114
4.74114
4.74114
4.74114
4.74114
4.74114
4.74114
4.74114
4.74114
4.74114
4.74114
4.74114
4.74114
4.74114
4.74114
4.74114
4.74114
4.74114
4.74114
4.74114
4.74114
4.74114
4.74114
4.74114
4.74114
4.74114
4.74114
4.74114
4.74114
4.74114
4.74114
4.74114
4.74114
4.74114
4.74114
4.74114
4.74114
4.74114
4.74114
4.74114
4.74114
4.74114
4.74114
4.74114
4.74114
4.74114
4.74114
4.74114
4.74114
4.74114
4.74114
4.74114
4.74114
4.74114
4.74114
4.74114
4.74114
4.74114
4.74114
4.74114
4.74114
4.74114
4.74114
4.74114
4.74114
4.74114
4.74114
4.74114
4.74114
4.74114
4.74114
4.74114
4.74114
4.74114
4.74114
4.74114
4.74114
4.74114
4.74114
4.74114
4.74114
4.74114
4.74114
4.74114
4.74114
4.74114
4.74114
4.74114
4.74114
4.74114
4.74114
4.74114
4.74114
4.74114
4.74114
4.74114
4.74114
4.74114
4.74114
4.74114
4.74114
4.74114
4.74114
4.74114
4.74114
4.74114
4.74114
4.74114
4.74114
4.74114
4.74114
4.74114
4.74114
4.74114
4.74114
4.74114
4.74114
4.74114
4.74114
4.74114
4.74114
4.74114
4.74114
4.74114
4.74114
4.74114
4.74114
4.74114
4.74114
4.74114
4.74114
4.74114
4.74114
4.74114
4.74114
4.74114
4.74114
4.74114
4.74114
4.74114
4.74114
4.74114
4.74114
4.74114
4.74114
4.74114
4.74114
4.74114
4.74114
4.74114
4.74114
4.74114
4.74114
4.74114
4.74114
4.74114
4.74114
4.74114
4.74114
4.74114
4.74114
4.74114
4.74114
4.74114
4.74114
4.74114
4.74114
4.74114
4.74114
4.74114
4.74114
4.74114
4.74114
4.74114
4.74114
4.74114
4.74114
4.74114
4.74114
4.74114
4.74114
4.74114
4.74114
4.74114
4.74114
4.74114
4.74114
4.74114
4.74114
4.74114
4.74114
4.74114
4.74114
4.74114
4.74114
4.74114
4.74114
4.74114
4.74114
4.74114
4.74114
4.74114
4.74114
4.74114
4.74114
4.74114
4.74114
4.74114
4.74114
4.74114
4.74114
4.74114
4.74114
4.74114
4.74114
4.74114
4.74114
4.74114
4.74114
4.74114
4.74114
4.74114
4.74114
4.74114
4.74114
4.74114
4.74114
4.74114
4.74114
4.74114
4.74114
4.74114
4.74114
4.74114
4.74114
4.74114
4.74114
4.74114
4.74114
4.74114
4.74114
4.74114
4.74114
4.74114
4.74114
4.74114
4.74114
4.74114
4.74114
4.74114
4.74114
4.74114
4.74114
4.74114
4.74114
4.74114
4.74114
4.74114
4.74114
4.74114
4.74114
4.74114
4.74114
4.74114
4.74114
4.74114
4.74114
4.74114
4.74114
4.74114
4.74114
4.74114
4.74114
4.74114
4.74114
4.74114
4.74114
4.74114
4.74114
4.74114
4.74114
4.74114
4.74114
4.74114
4.74114
4.74114
4.74114
4.74114
4.74114
4.74114
4.74114
4.74114
4.74114
4.74114
4.74114
4.74114
4.74114
4.74114
4.74114
4.74114
4.74114
4.74114
4.74114
4.74114
4.74114
4.74114
4.74114
4.74114
4.74114
4.74114
4.74114
4.74114
4.74114
4.74114
4.74114
4.74114
4.74114
4.74114
4.74114
4.74114
4.74114
4.74114
4.74114
4.74114
4.74114
4.74114
4.74114
4.74114
4.74114
4.74114
4.74114
4.74114
4.74114
4.74114
4.74114
4.74114
4.74114
4.74114
4.74114
4.74114
4.74114
4.74114
4.74114
4.74114
4.74114
4.74114
4.74114
4.74114
4.74114
4.74114
4.74114
4.74114
4.74114
4.74114
4.74114
4.74114
4.74114
4.74114
4.74114
4.74114
4.74114
4.74114
4.74114
4.74114
4.74114
4.74114
4.74114
4.74114
4.74114
4.74114
4.74114
4.74114
4.74114
4.74114
4.74114
4.74114
4.74114
4.74114
4.74114
4.74114
4.74114
4.74114
4.74114
4.74114
4.74114
4.74114
4.74114
4.74114
4.74114
4.74114
4.74114
4.74114
4.74114
4.74114
4.74114
4.74114
4.74114
4.74114
4.74114
4.74114
4.74114
4.74114
4.74114
4.74114
4.74114
4.74114
4.74114
4.74114
4.74114
4.74114
4.74114
4.74114
4.74114
4.74114
4.74114
4.74114
4.74114
4.74114
4.74114
4.74114
4.74114
4.74114
4.74114
4.74114
4.74114
4.74114
4.74114
4.74114
4.74114
4.74114
4.74114
4.74114
4.74114
4.74114
4.74114
4.74114
4.74114
4.74114
4.74114
4.74114
4.74114
4.74114
4.74114
4.74114
4.74114
4.74114
4.74114
4.74114
4.74114
4.74114
4.74114
4.74114
4.74114
4.74114
4.74114
4.74114
4.74114
4.74114
4.74114
4.74114
4.74114
4.74114
4.74114
4.74114
4.74114
4.74114
4.74114
4.74114
4.74114
4.74114
4.74114
4.74114
4.74114
4.74114
4.74114
4.74114
4.74114
4.74114
4.74114
4.74114
4.74114
4.74114
4.74114
4.74114
4.74114
4.74114
4.74114
4.74114
4.74114
4.74114
4.74114
4.74114
4.74114
4.74114
4.74114
4.74114
4.74114
4.74114
4.74114
4.74114
4.74114
4.74114
4.74114
4.74114
4.74114
4.74114
4.74114
4.74114
4.74114
4.74114
4.74114
4.74114
4.74114
4.74114
4.74114
4.74114
4.74114
4.74114
4.74114
4.74114
4.74114
4.74114
4.74114
4.74114
4.74114
4.74114
4.74114
4.74114
4.74114
4.74114
4.74114
4.74114
4.74114
4.74114
4.74114
4.74114
4.74114
4.74114
4.74114
4.74114
4.74114
4.74114
4.74114
4.74114
4.74114
4.74114
4.74114
4.74114
4.74114
4.74114
4.74114
4.74114
4.74114
4.74114
4.74114
4.74114
4.74114
4.74114
4.74114
4.74114
4.74114
4.74114
4.74114
4.74114
4.74114
4.74114
4.74114
4.74114
4.74114
4.74114
4.74114
4.74114
4.74114
4.74114
4.74114
4.74114
4.74114
4.74114
4.74114
4.74114
4.74114
4.74114
4.74114
4.74114
4.74114
4.74114
4.74114
4.74114
4.74114
4.74114
4.74114
4.74114
4.74114
4.74114
4.74114
4.74114
4.74114
4.74114
4.74114
4.74114
4.74114
4.74114
4.74114
4.74114
4.74114
4.74114
4.74114
4.74114
4.74114
4.74114
4.74114
4.74114
4.74114
4.74114
4.74114
4.74114
4.74114
4.74114
4.74114
4.74114
4.74114
4.74114
4.74114
4.74114
4.74114
4.74114
4.74114
4.74114
4.74114
4.74114
4.74114
4.74114
4.74114
4.74114
4.74114
4.74114
4.74114
4.74114
4.74114
4.74114
4.74114
4.74114
4.74114
4.74114
4.74114
4.74114
4.74114
4.74114
4.74114
4.74114
4.74114
4.74114
4.74114
4.74114
4.74114
4.74114
4.74114
4.74114
4.74114
4.74114
4.74114
4.74114
4.74114
4.74114
4.74114
4.74114
4.74114
4.74114
4.74114
4.74114
4.74114
4.74114
4.74114
4.74114
4.74114
4.74114
4.74114
4.74114
4.74114
4.74114
4.74114
4.74114
4.74114
4.74114
4.74114
4.74114
4.74114
4.74114
4.74114
4.74114
4.74114
4.74114
4.74114
4.74114
4.74114
4.74114
4.74114
4.74114
4.74114
4.74114
4.74114
4.74114
4.74114
4.74114
4.74114
4.74114
4.74114
4.74114
4.74114
4.74114
4.74114
4.74114
4.74114
4.74114
4.74114
4.74114
4.74114
4.74114
4.74114
4.74114
4.74114
4.74114
4.74114
4.74114
4.74114
4.74114
4.74114
4.74114
4.74114
4.74114
4.74114
4.74114
4.74114
4.74114
4.74114
4.74114
4.74114
4.74114
4.74114
4.74114
4.74114
4.74114
4.74114
4.74114
4.74114
4.74114
4.74114
4.74114
4.74114
4.74114
4.74114
4.74114
4.74114
4.74114
4.74114
4.74114
4.74114
4.74114
4.74114
4.74114
4.74114
4.74114
4.74114
4.74114
4.74114
4.74114
4.74114
4.74114
4.74114
4.74114
4.74114
4.74114
4.74114
4.74114
4.74114
4.74114
4.74114
4.74114
4.74114
4.74114
4.74114
4.74114
4.74114
4.74114
4.74114
4.74114
4.74114
4.74114
4.74114
4.74114
4.74114
4.74114
4.74114
4.74114
4.74114
4.74114
4.74114
4.74114
4.74114
4.74114
4.74114
4.74114
4.74114
4.74114
4.74114
4.74114
4.74114
4.74114
4.74114
4.74114
4.74114
4.74114
4.74114
4.74114
4.74114
4.74114
4.74114
4.74114
4.74114
4.74114
4.74114
4.74114
4.74114
4.74114
4.74114
4.74114
4.74114
4.74114
4.74114
4.74114
4.74114
4.74114
4.74114
4.74114
4.74114
4.74114
4.74114
4.74114
4.74114
4.74114
4.74114
4.74114
4.74114
4.74114
4.74114
4.74114
4.74114
4.74114
4.74114
4.74114
4.74114
4.74114
4.74114
4.74114
4.74114
4.74114
4.74114
4.74114
4.74114
4.74114
4.74114
4.74114
4.74114
4.74114
4.74114
4.74114
4.74114
4.74114
4.74114
4.74114
4.74114
4.74114
4.74114
4.74114
4.74114
4.74114
4.74114
4.74114
4.74114
4.74114
4.74114
4.74114
4.74114
4.74114
4.74114
4.74114
4.74114
4.74114
4.74114
4.74114
4.74114
4.74114
4.74114
4.74114
4.74114
4.74114
4.74114
4.74114
4.74114
4.74114
4.74114
4.74114
4.74114
4.74114
4.74114
4.74114
4.74114
4.74114
4.74114
4.74114
4.74114
4.74114
4.74114
4.74114
4.74114
4.74114
4.74114
4.74114
4.74114
4.74114
4.74114
4.74114
4.74114
4.74114
4.74114
4.74114
4.74114
4.74114
4.74114
4.74114
4.74114
4.74114
4.74114
4.74114
4.74114
4.74114
4.74114
4.74114
4.74114
4.74114
4.74114
4.74114
4.74114
4.74114
4.74114
4.74114
4.74114
4.74114
4.74114
4.74114
4.74114
4.74114
4.74114
4.74114
4.74114
4.74114
4.74114
4.74114
4.74114
4.74114
4.74114
4.74114
4.74114
4.74114
4.74114
4.74114
4.74114
4.74114
4.74114
4.74114
4.74114
4.74114
4.74114
4.74114
4.74114
4.74114
4.74114
4.74114
4.74114
4.74114
4.74114
4.74114
4.74114
4.74114
4.74114
4.74114
4.74114
4.74114
4.74114
4.74114
4.74114
4.74114
4.74114
4.74114
4.74114
4.74114
4.74114
4.74114
4.74114
4.74114
4.74114
4.74114
4.74114
4.74114
4.74114
4.74114
4.74114
4.74114
4.74114
4.74114
4.74114
4.74114
4.74114
4.74114
4.74114
4.74114
4.74114
4.74114
4.74114
4.74114
4.74114
4.74114
4.74114
4.74114
4.74114
4.74114
4.74114
4.74114
4.74114
4.74114
4.74114
4.74114
4.74114
4.74114
4.74114
4.74114
4.74114
4.74114
4.74114
4.74114
4.74114
4.74114
4.74114
4.74114
4.74114
4.74114
4.74114
4.74114
4.74114
4.74114
4.74114
4.74114
4.74114
4.74114
4.74114
4.74114
4.74114
4.74114
4.74114
4.74114
4.74114
4.74114
4.74114
4.74114
4.74114
4.74114
4.74114
4.74114
4.74114
4.74114
4.74114
4.74114
4.74114
4.74114
4.74114
4.74114
4.74114
4.74114
4.74114
4.74114
4.74114
4.74114
4.74114
4.74114
4.74114
4.74114
4.74114
4.74114
4.74114
4.74114
4.74114
4.74114
4.74114
4.74114
4.74114
4.74114
4.74114
4.74114
4.74114
4.74114
4.74114
4.74114
4.74114
4.74114
4.74114
4.74114
4.74114
4.74114
4.74114
4.74114
4.74114
4.74114
4.74114
4.74114
4.74114
4.74114
4.74114
4.74114
4.74114
4.74114
4.74114
4.74114
4.74114
4.74114
4.74114
4.74114
4.74114
4.74114
4.74114
4.74114
4.74114
4.74114
4.74114
4.74114
4.74114
4.74114
4.74114
4.74114
4.74114
4.74114
4.74114
4.74114
4.74114
4.74114
4.74114
4.74114
4.74114
4.74114
4.74114
4.74114
4.74114
4.74114
4.74114
4.74114
4.74114
4.74114
4.74114
4.74114
4.74114
4.74114
4.74114
4.74114
4.74114
4.74114
4.74114
4.74114
4.74114
4.74114
4.74114
4.74114
4.74114
4.74114
4.74114
4.74114
4.74114
4.74114
4.74114
4.74114
4.74114
4.74114
4.74114
4.74114
4.74114
4.74114
4.74114
4.74114
4.74114
4.74114
4.74114
4.74114
4.74114
4.74114
4.74114
4.74114
4.74114
4.74114
4.74114
4.74114
4.74114
4.74114
4.74114
4.74114
4.74114
4.74114
4.74114
4.74114
4.74114
4.74114
4.74114
4.74114
4.74114
4.74114
4.74114
4.74114
4.74114
4.74114
4.74114
4.74114
4.74114
4.74114
4.74114
4.74114
4.74114
4.74114
4.74114
4.74114
4.74114
4.74114
4.74114
4.74114
4.74114
4.74114
4.74114
4.74114
4.74114
4.74114
4.74114
4.74114
4.74114
4.74114
4.74114
4.74114
4.74114
4.74114
4.74114
4.74114
4.74114
4.74114
4.74114
4.74114
4.74114
4.74114
4.74114
4.74114
4.74114
4.74114
4.74114
4.74114
4.74114
4.74114
4.74114
4.74114
4.74114
4.74114
4.74114
4.74114
4.74114
4.74114
4.74114
4.74114
4.74114
4.74114
4.74114
4.74114
4.74114
4.74114
4.74114
4.74114
4.74114
4.74114
4.74114
4.74114
4.74114
4.74114
4.74114
4.74114
4.74114
4.74114
4.74114
4.74114
4.74114
4.74114
4.74114
4.74114
4.74114
4.74114
4.74114
4.74114
4.74114
4.74114
4.74114
4.74114
4.74114
4.74114
4.74114
4.74114
4.74114
4.74114
4.74114
4.74114
4.74114
4.74114
4.74114
4.74114
4.74114
4.74114
4.74114
4.74114
4.74114
4.74114
4.74114
4.74114
4.74114
4.74114
4.74114
4.74114
4.74114
4.74114
4.74114
4.74114
4.74114
4.74114
4.74114
4.74114
4.74114
4.74114
4.74114
4.74114
4.74114
4.74114
4.74114
4.74114
4.74114
4.74114
4.74114
4.74114
4.74114
4.74114
4.74114
4.74114
4.74114
4.74114
4.74114
4.74114
4.74114
4.74114
4.74114
4.74114
4.74114
4.74114
4.74114
4.74114
4.74114
4.74114
4.74114
4.74114
4.74114
4.74114
4.74114
4.74114
4.74114
4.74114
4.74114
4.74114
4.74114
4.74114
4.74114
4.74114
4.74114
4.74114
4.74114
4.74114
4.74114
4.74114
4.74114
4.74114
4.74114
4.74114
4.74114
4.74114
4.74114
4.74114
4.74114
4.74114
4.74114
4.74114
4.74114
4.74114
4.74114
4.74114
4.74114
4.74114
4.74114
4.74114
4.74114
4.74114
4.74114
4.74114
4.74114
4.74114
4.74114
4.74114
4.74114
4.74114
4.74114
4.74114
4.74114
4.74114
4.74114
4.74114
4.74114
4.74114
4.74114
4.74114
4.74114
4.74114
4.74114
4.74114
4.74114
4.74114
4.74114
4.74114
4.74114
4.74114
4.74114
4.74114
4.74114
4.74114
4.74114
4.74114
4.74114
4.74114
4.74114
4.74114
4.74114
4.74114
4.74114
4.74114
4.74114
4.74114
4.74114
4.74114
4.74114
4.74114
4.74114
4.74114
4.74114
4.74114
4.74114
4.74114
4.74114
4.74114
4.74114
4.74114
4.74114
4.74114
4.74114
4.74114
4.74114
4.74114
4.74114
4.74114
4.74114
4.74114
4.74114
4.74114
4.74114
4.74114
4.74114
4.74114
4.74114
4.74114
4.74114
4.74114
4.74114
4.74114
4.74114
4.74114
4.74114
4.74114
4.74114
4.74114
4.74114
4.74114
4.74114
4.74114
4.74114
4.74114
4.74114
4.74114
4.74114
4.74114
4.74114
4.74114
4.74114
4.74114
4.74114
4.74114
4.74114
4.74114
4.74114
4.74114
4.74114
4.74114
4.74114
4.74114
4.74114
4.74114
4.74114
4.74114
4.74114
4.74114
4.74114
4.74114
4.74114
4.74114
4.74114
4.74114
4.74114
4.74114
4.74114
4.74114
4.74114
4.74114
4.74114
4.74114
4.74114
4.74114
4.74114
4.74114
4.74114
4.74114
4.74114
4.74114
4.74114
4.74114
4.74114
4.74114
4.74114
4.74114
4.74114
4.74114
4.74114
4.74114
4.74114
4.74114
4.74114
4.74114
4.74114
4.74114
4.74114
4.74114
4.74114
4.74114
4.74114
4.74114
4.74114
4.74114
4.74114
4.74114
4.74114
4.74114
4.74114
4.74114
4.74114
4.74114
4.74114
4.74114
4.74114
4.74114
4.74114
4.74114
4.74114
4.74114
4.74114
4.74114
4.74114
4.74114
4.74114
4.74114
4.74114
4.74114
4.74114
4.74114
4.74114
4.74114
4.74114
4.74114
4.74114
4.74114
4.74114
4.74114
4.74114
4.74114
4.74114
4.74114
4.74114
4.74114
4.74114
4.74114
4.74114
4.74114
4.74114
4.74114
4.74114
4.74114
4.74114
4.74114
4.74114
4.74114
4.74114
4.74114
4.74114
4.74114
4.74114
4.74114
4.74114
4.74114
4.74114
4.74114
4.74114
4.74114
4.74114
4.74114
4.74114
4.74114
4.74114
4.74114
4.74114
4.74114
4.74114
4.74114
4.74114
4.74114
4.74114
4.74114
4.74114
4.74114
4.74114
4.74114
4.74114
4.74114
4.74114
4.74114
4.74114
4.74114
4.74114
4.74114
4.74114
4.74114
4.74114
4.74114
4.74114
4.74114
4.74114
4.74114
4.74114
4.74114
4.74114
4.74114
4.74114
4.74114
4.74114
4.74114
4.74114
4.74114
4.74114
4.74114
4.74114
4.74114
4.74114
4.74114
4.74114
4.74114
4.74114
4.74114
4.74114
4.74114
4.74114
4.74114
4.74114
4.74114
4.74114
4.74114
4.74114
4.74114
4.74114
4.74114
4.74114
4.74114
4.74114
4.74114
4.74114
4.74114
4.74114
4.74114
4.74114
4.74114
4.74114
4.74114
4.74114
4.74114
4.74114
4.74114
4.74114
4.74114
4.74114
4.74114
4.74114
4.74114
4.74114
4.74114
4.74114
4.74114
4.74114
4.74114
4.74114
4.74114
4.74114
4.74114
4.74114
4.74114
4.74114
4.74114
4.74114
4.74114
4.74114
4.74114
4.74114
4.74114
4.74114
4.74114
4.74114
4.74114
4.74114
4.74114
4.74114
4.74114
4.74114
4.74114
4.74114
4.74114
4.74114
4.74114
4.74114
4.74114
4.74114
4.74114
4.74114
4.74114
4.74114
4.74114
4.74114
4.74114
4.74114
4.74114
4.74114
4.74114
4.74114
4.74114
4.74114
4.74114
4.74114
4.74114
4.74114
4.74114
4.74114
4.74114
4.74114
4.74114
4.74114
4.74114
4.74114
4.74114
4.74114
4.74114
4.74114
4.74114
4.74114
4.74114
4.74114
4.74114
4.74114
4.74114
4.74114
4.74114
4.74114
4.74114
4.74114
4.74114
4.74114
4.74114
4.74114
4.74114
4.74114
4.74114
4.74114
4.74114
4.74114
4.74114
4.74114
4.74114
4.74114
4.74114
4.74114
4.74114
4.74114
4.74114
4.74114
4.74114
4.74114
4.74114
4.74114
4.74114
4.74114
4.74114
4.74114
4.74114
4.74114
4.74114
4.74114
4.74114
4.74114
4.74114
4.74114
4.74114
4.74114
4.74114
4.74114
4.74114
4.74114
4.74114
4.74114
4.74114
4.74114
4.74114
4.74114
4.74114
4.74114
4.74114
4.74114
4.74114
4.74114
4.74114
4.74114
4.74114
4.74114
4.74114
4.74114
4.74114
4.74114
4.74114
4.74114
4.74114
4.74114
4.74114
4.74114
4.74114
4.74114
4.74114
4.74114
4.74114
4.74114
4.74114
4.74114
4.74114
4.74114
4.74114
4.74114
4.74114
4.74114
4.74114
4.74114
4.74114
4.74114
4.74114
4.74114
4.74114
4.74114
4.74114
4.74114
4.74114
4.74114
4.74114
4.74114
4.74114
4.74114
4.74114
4.74114
4.74114
4.74114
4.74114
4.74114
4.74114
4.74114
4.74114
4.74114
4.74114
4.74114
4.74114
4.74114
4.74114
4.74114
4.74114
4.74114
4.74114
4.74114
4.74114
4.74114
4.74114
4.74114
4.74114
4.74114
4.74114
4.74114
4.74114
4.74114
4.74114
4.74114
4.74114
4.74114
4.74114
4.74114
4.74114
4.74114
4.74114
4.74114
4.74114
4.74114
4.74114
4.74114
4.74114
4.74114
4.74114
4.74114
4.74114
4.74114
4.74114
4.74114
4.74114
4.74114
4.74114
4.74114
4.74114
4.74114
4.74114
4.74114
4.74114
4.74114
4.74114
4.74114
4.74114
4.74114
4.74114
4.74114
4.74114
4.74114
4.74114
4.74114
4.74114
4.74114
4.74114
4.74114
4.74114
4.74114
4.74114
4.74114
4.74114
4.74114
4.74114
4.74114
4.74114
4.74114
4.74114
4.74114
4.74114
4.74114
4.74114
4.74114
4.74114
4.74114
4.74114
4.74114
4.74114
4.74114
4.74114
4.74114
4.74114
4.74114
4.74114
4.74114
4.74114
4.74114
4.74114
4.74114
4.74114
4.74114
4.74114
4.74114
4.74114
4.74114
4.74114
4.74114
4.74114
4.74114
4.74114
4.74114
4.74114
4.74114
4.74114
4.74114
4.74114
4.74114
4.74114
4.74114
4.74114
4.74114
4.74114
4.74114
4.74114
4.74114
4.74114
4.74114
4.74114
4.74114
4.74114
4.74114
4.74114
4.74114
4.74114
4.74114
4.74114
4.74114
4.74114
4.74114
4.74114
4.74114
4.74114
4.74114
4.74114
4.74114
4.74114
4.74114
4.74114
4.74114
4.74114
4.74114
4.74114
4.74114
4.74114
4.74114
4.74114
4.74114
4.74114
4.74114
4.74114
4.74114
4.74114
4.74114
4.74114
4.74114
4.74114
4.74114
4.74114
4.74114
4.74114
4.74114
4.74114
4.74114
4.74114
4.74114
4.74114
4.74114
4.74114
4.74114
4.74114
4.74114
4.74114
4.74114
4.74114
4.74114
4.74114
4.74114
4.74114
4.74114
4.74114
4.74114
4.74114
4.74114
4.74114
4.74114
4.74114
4.74114
4.74114
4.74114
4.74114
4.74114
4.74114
4.74114
4.74114
4.74114
4.74114
4.74114
4.74114
4.74114
4.74114
4.74114
4.74114
4.74114
4.74114
4.74114
4.74114
4.74114
4.74114
4.74114
4.74114
4.74114
4.74114
4.74114
4.74114
4.74114
4.74114
4.74114
4.74114
4.74114
4.74114
4.74114
4.74114
4.74114
4.74114
4.74114
4.74114
4.74114
4.74114
4.74114
4.74114
4.74114
4.74114
4.74114
4.74114
4.74114
4.74114
4.74114
4.74114
4.74114
4.74114
4.74114
4.74114
4.74114
4.74114
4.74114
4.74114
4.74114
4.74114
4.74114
4.74114
4.74114
4.74114
4.74114
4.74114
4.74114
4.74114
4.74114
4.74114
4.74114
4.74114
4.74114
4.74114
4.74114
4.74114
4.74114
4.74114
4.74114
4.74114
4.74114
4.74114
4.74114
4.74114
4.74114
4.74114
4.74114
4.74114
4.74114
4.74114
4.74114
4.74114
4.74114
4.74114
4.74114
4.74114
4.74114
4.74114
4.74114
4.74114
4.74114
4.74114
4.74114
4.74114
4.74114
4.74114
4.74114
4.74114
4.74114
4.74114
4.74114
4.74114
4.74114
4.74114
4.74114
4.74114
4.74114
4.74114
4.74114
4.74114
4.74114
4.74114
4.74114
4.74114
4.74114
4.74114
4.74114
4.74114
4.74114
4.74114
4.74114
4.74114
4.74114
4.74114
4.74114
4.74114
4.74114
4.74114
4.74114
4.74114
4.74114
4.74114
4.74114
4.74114
4.74114
4.74114
4.74114
4.74114
4.74114
4.74114
4.74114
4.74114
4.74114
4.74114
4.74114
4.74114
4.74114
4.74114
4.74114
4.74114
4.74114
4.74114
4.74114
4.74114
4.74114
4.74114
4.74114
4.74114
4.74114
4.74114
4.74114
4.74114
4.74114
4.74114
4.74114
4.74114
4.74114
4.74114
4.74114
4.74114
4.74114
4.74114
4.74114
4.74114
4.74114
4.74114
4.74114
4.74114
4.74114
4.74114
4.74114
4.74114
4.74114
4.74114
4.74114
4.74114
4.74114
4.74114
4.74114
4.74114
4.74114
4.74114
4.74114
4.74114
4.74114
4.74114
4.74114
4.74114
4.74114
4.74114
4.74114
4.74114
4.74114
4.74114
4.74114
4.74114
4.74114
4.74114
4.74114
4.74114
4.74114
4.74114
4.74114
4.74114
4.74114
4.74114
4.74114
4.74114
4.74114
4.74114
4.74114
4.74114
4.74114
4.74114
4.74114
4.74114
4.74114
4.74114
4.74114
4.74114
4.74114
4.74114
4.74114
4.74114
4.74114
4.74114
4.74114
4.74114
4.74114
4.74114
4.74114
4.74114
4.74114
4.74114
4.74114
4.74114
4.74114
4.74114
4.74114
4.74114
4.74114
4.74114
4.74114
4.74114
4.74114
4.74114
4.74114
4.74114
4.74114
4.74114
4.74114
4.74114
4.74114
4.74114
4.74114
4.74114
4.74114
4.74114
4.74114
4.74114
4.74114
4.74114
4.74114
4.74114
4.74114
4.74114
4.74114
4.74114
4.74114
4.74114
4.74114
4.74114
4.74114
4.74114
4.74114
4.74114
4.74114
4.74114
4.74114
4.74114
4.74114
4.74114
4.74114
4.74114
4.74114
4.74114
4.74114
4.74114
4.74114
4.74114
4.74114
4.74114
4.74114
4.74114
4.74114
4.74114
4.74114
4.74114
4.74114
4.74114
4.74114
4.74114
4.74114
4.74114
4.74114
4.74114
4.74114
4.74114
4.74114
4.74114
4.74114
4.74114
4.74114
4.74114
4.74114
4.74114
4.74114
4.74114
4.74114
4.74114
4.74114
4.74114
4.74114
4.74114
4.74114
4.74114
4.74114
4.74114
4.74114
4.74114
4.74114
4.74114
4.74114
4.74114
4.74114
4.74114
4.74114
4.74114
4.74114
4.74114
4.74114
4.74114
4.74114
4.74114
4.74114
4.74114
4.74114
4.74114
4.74114
4.74114
4.74114
4.74114
4.74114
4.74114
4.74114
4.74114
4.74114
4.74114
4.74114
4.74114
4.74114
4.74114
4.74114
4.74114
4.74114
4.74114
4.74114
4.74114
4.74114
4.74114
4.74114
4.74114
4.74114
4.74114
4.74114
4.74114
4.74114
4.74114
4.74114
4.74114
4.74114
4.74114
4.74114
4.74114
4.74114
4.74114
4.74114
4.74114
4.74114
4.74114
4.74114
4.74114
4.74114
4.74114
4.74114
4.74114
4.74114
4.74114
4.74114
4.74114
4.74114
4.74114
4.74114
4.74114
4.74114
4.74114
4.74114
4.74114
4.74114
4.74114
4.74114
4.74114
4.74114
4.74114
4.74114
4.74114
4.74114
4.74114
4.74114
4.74114
4.74114
4.74114
4.74114
4.74114
4.74114
4.74114
4.74114
4.74114
4.74114
4.74114
4.74114
4.74114
4.74114
4.74114
4.74114
4.74114
4.74114
4.74114
4.74114
4.74114
4.74114
4.74114
4.74114
4.74114
4.74114
4.74114
4.74114
4.74114
4.74114
4.74114
4.74114
4.74114
4.74114
4.74114
4.74114
4.74114
4.74114
4.74114
4.74114
4.74114
4.74114
4.74114
4.74114
4.74114
4.74114
4.74114
4.74114
4.74114
4.74114
4.74114
4.74114
4.74114
4.74114
4.74114
4.74114
4.74114
4.74114
4.74114
4.74114
4.74114
4.74114
4.74114
4.74114
4.74114
4.74114
4.74114
4.74114
4.74114
4.74114
4.74114
4.74114
4.74114
4.74114
4.74114
4.74114
4.74114
4.74114
4.74114
4.74114
4.74114
4.74114
4.74114
4.74114
4.74114
4.74114
4.74114
4.74114
4.74114
4.74114
4.74114
4.74114
4.74114
4.74114
4.74114
4.74114
4.74114
4.74114
4.74114
4.74114
4.74114
4.74114
4.74114
4.74114
4.74114
4.74114
4.74114
4.74114
4.74114
)
;
    }
    surface
    {
        type            calculated;
        value           nonuniform List<scalar> 
361
(
0.712376
1.40569
1.6208
1.67929
1.6955
1.71667
1.7214
1.71537
1.70926
1.70394
1.70009
1.6982
1.69614
1.69329
1.68974
1.68554
1.68082
1.67723
1.67402
1.6708
1.66759
1.66436
1.66134
1.6588
1.65634
1.65394
1.65157
1.64923
1.64708
1.64518
1.64338
1.64169
1.64008
1.63856
1.63713
1.63583
1.63466
1.63363
1.63274
1.63198
1.63136
1.6308
1.63037
1.63006
1.62987
1.6298
1.62986
1.63003
1.63032
1.63071
1.6312
1.63178
1.63246
1.63323
1.63407
1.63501
1.63603
1.63714
1.63834
1.63961
1.64095
1.64236
1.6438
1.64529
1.64685
1.64846
1.65013
1.65185
1.65363
1.65545
1.6573
1.6592
1.66114
1.66312
1.66515
1.66721
1.66932
1.67146
1.6736
1.67574
1.67796
1.68024
1.68258
1.68497
1.68739
1.68985
1.69234
1.69459
1.69674
1.69909
1.7016
1.70424
1.707
1.7099
1.71297
1.71633
1.71509
1.71946
1.72236
1.72526
1.72814
1.73099
1.73382
1.73662
1.73938
1.7421
1.74475
1.74723
1.74957
1.75209
1.75474
1.75749
1.76031
1.76322
1.7662
1.76929
1.77252
1.77542
1.7753
1.77972
1.78287
1.78567
1.78852
1.79137
1.79424
1.7971
1.79996
1.80284
1.80575
1.80874
1.8113
1.81325
1.81669
1.81919
1.82175
1.82434
1.82694
1.82953
1.83213
1.83471
1.83729
1.83986
1.84243
1.845
1.84759
1.85021
1.85213
1.8548
1.85751
1.86006
1.86229
1.86445
1.86676
1.86903
1.87132
1.87362
1.87595
1.87831
1.88041
1.88256
1.88524
1.88761
1.89018
1.89224
1.89432
1.8964
1.89849
1.90062
1.90255
1.90422
1.90745
1.90962
1.91144
1.91334
1.91532
1.91741
1.91949
1.92182
1.92388
1.92546
0.495372
1.57147
1.75658
1.79785
1.80914
1.81237
1.81065
1.80688
1.80284
1.79874
1.79474
1.79098
1.78744
1.78399
1.78063
1.77735
1.77418
1.77127
1.76844
1.76566
1.76291
1.76017
1.75697
1.7537
1.75109
1.74923
1.74816
1.7478
1.74778
1.74775
1.74776
1.74782
1.74791
1.74796
1.74803
1.74823
1.74854
1.74896
1.7495
1.75016
1.75096
1.75189
1.75296
1.75415
1.75546
1.75686
1.75834
1.75985
1.76138
1.76302
1.76474
1.76655
1.76842
1.77034
1.77224
1.7741
1.776
1.77796
1.77994
1.78196
1.78399
1.78602
1.788
1.78996
1.79193
1.7939
1.79587
1.79783
1.79979
1.80174
1.80366
1.80557
1.80747
1.80936
1.81125
1.81312
1.81499
1.81684
1.81867
1.82048
1.82228
1.82408
1.82586
1.82763
1.8294
1.83115
1.83288
1.8346
1.8363
1.83798
1.83964
1.84129
1.84293
1.84455
1.84616
1.84775
1.84933
1.85089
1.85244
1.85398
1.8555
1.85701
1.85851
1.85999
1.86146
1.86292
1.86436
1.86579
1.86721
1.86862
1.87001
1.87139
1.87276
1.87412
1.87546
1.87679
1.87811
1.87942
1.88072
1.882
1.88328
1.88454
1.88579
1.88703
1.88827
1.88949
1.89071
1.89191
1.89311
1.8943
1.89549
1.89666
1.8977
1.89884
1.89998
1.90111
1.90224
1.90337
1.90449
1.9056
1.90672
1.90783
1.90894
1.91006
1.91076
1.91187
1.91299
1.91409
1.91516
1.9162
1.9172
1.91812
1.91903
1.92001
1.921
1.92199
1.92299
1.92402
1.92481
1.92579
1.92709
1.9277
1.92877
1.92946
1.93022
1.93103
1.93187
1.93278
1.93359
1.93452
1.93552
1.93622
1.93677
1.93745
1.9382
1.93906
1.9398
1.94073
1.94149
1.94197
11.0029
)
;
    }
    front_and_back
    {
        type            empty;
    }
}


// ************************************************************************* //
