/*--------------------------------*- C++ -*----------------------------------*\
| =========                 |                                                 |
| \\      /  F ield         | OpenFOAM: The Open Source CFD Toolbox           |
|  \\    /   O peration     | Version:  2.1.1                                 |
|   \\  /    A nd           | Web:      www.OpenFOAM.org                      |
|    \\/     M anipulation  |                                                 |
\*---------------------------------------------------------------------------*/
FoamFile
{
    version     2.0;
    format      ascii;
    class       vectorField;
    location    "constant/polyMesh";
    object      points;
}
// * * * * * * * * * * * * * * * * * * * * * * * * * * * * * * * * * * * * * //


99
(
(0 0 0)
(1 0 0)
(2 0 0)
(3 0 0)
(4 0 0)
(5 0 0)
(6 0 0)
(7 0 0)
(8 0 0)
(9 0 0)
(10 0 0)
(0 0.5 0)
(1 0.5 0)
(2 0.5 0)
(3 0.5 0)
(4 0.5 0)
(5 0.5 0)
(6 0.5 0)
(7 0.5 0)
(8 0.5 0)
(9 0.5 0)
(10 0.5 0)
(0 1 0)
(1 1 0)
(2 1 0)
(3 1 0)
(4 1 0)
(5 1 0)
(6 1 0)
(7 1 0)
(8 1 0)
(9 1 0)
(10 1 0)
(0 0 0.5)
(1 0 0.5)
(2 0 0.5)
(3 0 0.5)
(4 0 0.5)
(5 0 0.5)
(6 0 0.5)
(7 0 0.5)
(8 0 0.5)
(9 0 0.5)
(10 0 0.5)
(0 0.5 0.5)
(1 0.5 0.5)
(2 0.5 0.5)
(3 0.5 0.5)
(4 0.5 0.5)
(5 0.5 0.5)
(6 0.5 0.5)
(7 0.5 0.5)
(8 0.5 0.5)
(9 0.5 0.5)
(10 0.5 0.5)
(0 1 0.5)
(1 1 0.5)
(2 1 0.5)
(3 1 0.5)
(4 1 0.5)
(5 1 0.5)
(6 1 0.5)
(7 1 0.5)
(8 1 0.5)
(9 1 0.5)
(10 1 0.5)
(0 0 1)
(1 0 1)
(2 0 1)
(3 0 1)
(4 0 1)
(5 0 1)
(6 0 1)
(7 0 1)
(8 0 1)
(9 0 1)
(10 0 1)
(0 0.5 1)
(1 0.5 1)
(2 0.5 1)
(3 0.5 1)
(4 0.5 1)
(5 0.5 1)
(6 0.5 1)
(7 0.5 1)
(8 0.5 1)
(9 0.5 1)
(10 0.5 1)
(0 1 1)
(1 1 1)
(2 1 1)
(3 1 1)
(4 1 1)
(5 1 1)
(6 1 1)
(7 1 1)
(8 1 1)
(9 1 1)
(10 1 1)
)


// ************************************************************************* //
