952 952
1 -3.266896e+00 -7.492882e+01 0.000000e+00
2 3.266896e+00 -7.492882e+01 0.000000e+00
3 -7.492882e+01 3.266896e+00 0.000000e+00
4 -7.492882e+01 -3.266896e+00 0.000000e+00
5 -7.492882e+01 3.266896e+00 2.000000e+02
6 -7.492882e+01 -3.266896e+00 2.000000e+02
7 -3.266896e+00 7.492882e+01 0.000000e+00
8 7.492882e+01 3.266896e+00 2.000000e+02
9 3.266896e+00 7.492882e+01 2.000000e+02
10 7.492882e+01 -3.266896e+00 0.000000e+00
11 7.492882e+01 3.266896e+00 0.000000e+00
12 -3.266896e+00 -7.492882e+01 2.000000e+02
13 3.266896e+00 -7.492882e+01 2.000000e+02
14 3.266896e+00 7.492882e+01 0.000000e+00
15 -3.266896e+00 7.492882e+01 2.000000e+02
16 7.492882e+01 -3.266896e+00 2.000000e+02
17 -2.333859e+00 -7.496368e+01 0.000000e+00
18 -1.400460e+00 -7.498692e+01 0.000000e+00
19 -4.668442e-01 -7.499855e+01 0.000000e+00
20 4.668442e-01 -7.499855e+01 0.000000e+00
21 1.400460e+00 -7.498692e+01 0.000000e+00
22 2.333859e+00 -7.496368e+01 0.000000e+00
23 -7.496368e+01 2.333859e+00 0.000000e+00
24 -7.498692e+01 1.400460e+00 0.000000e+00
25 -7.499855e+01 4.668442e-01 0.000000e+00
26 -7.499855e+01 -4.668442e-01 0.000000e+00
27 -7.498692e+01 -1.400460e+00 0.000000e+00
28 -7.496368e+01 -2.333859e+00 0.000000e+00
29 -7.496368e+01 2.333859e+00 2.000000e+02
30 -7.498692e+01 1.400460e+00 2.000000e+02
31 -7.499855e+01 4.668442e-01 2.000000e+02
32 -7.499855e+01 -4.668442e-01 2.000000e+02
33 -7.498692e+01 -1.400460e+00 2.000000e+02
34 -7.496368e+01 -2.333859e+00 2.000000e+02
35 -4.259154e+00 7.487897e+01 0.000000e+00
36 -5.250665e+00 7.481598e+01 0.000000e+00
37 -6.241254e+00 7.473986e+01 0.000000e+00
38 -7.230748e+00 7.465063e+01 0.000000e+00
39 -8.218973e+00 7.454830e+01 0.000000e+00
40 -9.205756e+00 7.443288e+01 0.000000e+00
41 -1.019092e+01 7.430441e+01 0.000000e+00
42 -1.117430e+01 7.416289e+01 0.000000e+00
43 -1.215572e+01 7.400837e+01 0.000000e+00
44 -1.313501e+01 7.384085e+01 0.000000e+00
45 -1.411199e+01 7.366038e+01 0.000000e+00
46 -1.508649e+01 7.346698e+01 0.000000e+00
47 -1.605835e+01 7.326070e+01 0.000000e+00
48 -1.702739e+01 7.304155e+01 0.000000e+00
49 -1.799344e+01 7.280959e+01 0.000000e+00
50 -1.895633e+01 7.256485e+01 0.000000e+00
51 -1.991590e+01 7.230738e+01 0.000000e+00
52 -2.087197e+01 7.203722e+01 0.000000e+00
53 -2.182438e+01 7.175442e+01 0.000000e+00
54 -2.277296e+01 7.145902e+01 0.000000e+00
55 -2.371755e+01 7.115109e+01 0.000000e+00
56 -2.465797e+01 7.083068e+01 0.000000e+00
57 -2.559406e+01 7.049783e+01 0.000000e+00
58 -2.652567e+01 7.015261e+01 0.000000e+00
59 -2.745262e+01 6.979508e+01 0.000000e+00
60 -2.837475e+01 6.942531e+01 0.000000e+00
61 -2.929190e+01 6.904335e+01 0.000000e+00
62 -3.020391e+01 6.864928e+01 0.000000e+00
63 -3.111063e+01 6.824316e+01 0.000000e+00
64 -3.201188e+01 6.782507e+01 0.000000e+00
65 -3.290752e+01 6.739507e+01 0.000000e+00
66 -3.379738e+01 6.695325e+01 0.000000e+00
67 -3.468131e+01 6.649968e+01 0.000000e+00
68 -3.555915e+01 6.603443e+01 0.000000e+00
69 -3.643076e+01 6.555761e+01 0.000000e+00
70 -3.729597e+01 6.506927e+01 0.000000e+00
71 -3.815464e+01 6.456952e+01 0.000000e+00
72 -3.900661e+01 6.405844e+01 0.000000e+00
73 -3.985174e+01 6.353612e+01 0.000000e+00
74 -4.068987e+01 6.300265e+01 0.000000e+00
75 -4.152087e+01 6.245813e+01 0.000000e+00
76 -4.234458e+01 6.190264e+01 0.000000e+00
77 -4.316086e+01 6.133629e+01 0.000000e+00
78 -4.396956e+01 6.075918e+01 0.000000e+00
79 -4.477055e+01 6.017140e+01 0.000000e+00
80 -4.556368e+01 5.957307e+01 0.000000e+00
81 -4.634882e+01 5.896429e+01 0.000000e+00
82 -4.712582e+01 5.834515e+01 0.000000e+00
83 -4.789456e+01 5.771578e+01 0.000000e+00
84 -4.865489e+01 5.707628e+01 0.000000e+00
85 -4.940668e+01 5.642677e+01 0.000000e+00
86 -5.014980e+01 5.576735e+01 0.000000e+00
87 -5.088412e+01 5.509815e+01 0.000000e+00
88 -5.160952e+01 5.441928e+01 0.000000e+00
89 -5.232585e+01 5.373086e+01 0.000000e+00
90 -5.303301e+01 5.303301e+01 0.000000e+00
91 -5.373086e+01 5.232585e+01 0.000000e+00
92 -5.441928e+01 5.160952e+01 0.000000e+00
93 -5.509815e+01 5.088412e+01 0.000000e+00
94 -5.576735e+01 5.014980e+01 0.000000e+00
95 -5.642677e+01 4.940668e+01 0.000000e+00
96 -5.707628e+01 4.865489e+01 0.000000e+00
97 -5.771578e+01 4.789456e+01 0.000000e+00
98 -5.834515e+01 4.712582e+01 0.000000e+00
99 -5.896429e+01 4.634882e+01 0.000000e+00
100 -5.957307e+01 4.556368e+01 0.000000e+00
101 -6.017140e+01 4.477055e+01 0.000000e+00
102 -6.075918e+01 4.396956e+01 0.000000e+00
103 -6.133629e+01 4.316086e+01 0.000000e+00
104 -6.190264e+01 4.234458e+01 0.000000e+00
105 -6.245813e+01 4.152087e+01 0.000000e+00
106 -6.300265e+01 4.068987e+01 0.000000e+00
107 -6.353612e+01 3.985174e+01 0.000000e+00
108 -6.405844e+01 3.900661e+01 0.000000e+00
109 -6.456952e+01 3.815464e+01 0.000000e+00
110 -6.506927e+01 3.729597e+01 0.000000e+00
111 -6.555761e+01 3.643076e+01 0.000000e+00
112 -6.603443e+01 3.555915e+01 0.000000e+00
113 -6.649968e+01 3.468131e+01 0.000000e+00
114 -6.695325e+01 3.379738e+01 0.000000e+00
115 -6.739507e+01 3.290752e+01 0.000000e+00
116 -6.782507e+01 3.201188e+01 0.000000e+00
117 -6.824316e+01 3.111063e+01 0.000000e+00
118 -6.864928e+01 3.020391e+01 0.000000e+00
119 -6.904335e+01 2.929190e+01 0.000000e+00
120 -6.942531e+01 2.837475e+01 0.000000e+00
121 -6.979508e+01 2.745262e+01 0.000000e+00
122 -7.015261e+01 2.652567e+01 0.000000e+00
123 -7.049783e+01 2.559406e+01 0.000000e+00
124 -7.083068e+01 2.465797e+01 0.000000e+00
125 -7.115109e+01 2.371755e+01 0.000000e+00
126 -7.145902e+01 2.277296e+01 0.000000e+00
127 -7.175442e+01 2.182438e+01 0.000000e+00
128 -7.203722e+01 2.087197e+01 0.000000e+00
129 -7.230738e+01 1.991590e+01 0.000000e+00
130 -7.256485e+01 1.895633e+01 0.000000e+00
131 -7.280959e+01 1.799344e+01 0.000000e+00
132 -7.304155e+01 1.702739e+01 0.000000e+00
133 -7.326070e+01 1.605835e+01 0.000000e+00
134 -7.346698e+01 1.508649e+01 0.000000e+00
135 -7.366038e+01 1.411199e+01 0.000000e+00
136 -7.384085e+01 1.313501e+01 0.000000e+00
137 -7.400837e+01 1.215572e+01 0.000000e+00
138 -7.416289e+01 1.117430e+01 0.000000e+00
139 -7.430441e+01 1.019092e+01 0.000000e+00
140 -7.443288e+01 9.205756e+00 0.000000e+00
141 -7.454830e+01 8.218973e+00 0.000000e+00
142 -7.465063e+01 7.230748e+00 0.000000e+00
143 -7.473986e+01 6.241254e+00 0.000000e+00
144 -7.481598e+01 5.250665e+00 0.000000e+00
145 -7.487897e+01 4.259154e+00 0.000000e+00
146 7.487897e+01 4.259154e+00 2.000000e+02
147 7.481598e+01 5.250665e+00 2.000000e+02
148 7.473986e+01 6.241254e+00 2.000000e+02
149 7.465063e+01 7.230748e+00 2.000000e+02
150 7.454830e+01 8.218973e+00 2.000000e+02
151 7.443288e+01 9.205756e+00 2.000000e+02
152 7.430441e+01 1.019092e+01 2.000000e+02
153 7.416289e+01 1.117430e+01 2.000000e+02
154 7.400837e+01 1.215572e+01 2.000000e+02
155 7.384085e+01 1.313501e+01 2.000000e+02
156 7.366038e+01 1.411199e+01 2.000000e+02
157 7.346698e+01 1.508649e+01 2.000000e+02
158 7.326070e+01 1.605835e+01 2.000000e+02
159 7.304155e+01 1.702739e+01 2.000000e+02
160 7.280959e+01 1.799344e+01 2.000000e+02
161 7.256485e+01 1.895633e+01 2.000000e+02
162 7.230738e+01 1.991590e+01 2.000000e+02
163 7.203722e+01 2.087197e+01 2.000000e+02
164 7.175442e+01 2.182438e+01 2.000000e+02
165 7.145902e+01 2.277296e+01 2.000000e+02
166 7.115109e+01 2.371755e+01 2.000000e+02
167 7.083068e+01 2.465797e+01 2.000000e+02
168 7.049783e+01 2.559406e+01 2.000000e+02
169 7.015261e+01 2.652567e+01 2.000000e+02
170 6.979508e+01 2.745262e+01 2.000000e+02
171 6.942531e+01 2.837475e+01 2.000000e+02
172 6.904335e+01 2.929190e+01 2.000000e+02
173 6.864928e+01 3.020391e+01 2.000000e+02
174 6.824316e+01 3.111063e+01 2.000000e+02
175 6.782507e+01 3.201188e+01 2.000000e+02
176 6.739507e+01 3.290752e+01 2.000000e+02
177 6.695325e+01 3.379738e+01 2.000000e+02
178 6.649968e+01 3.468131e+01 2.000000e+02
179 6.603443e+01 3.555915e+01 2.000000e+02
180 6.555761e+01 3.643076e+01 2.000000e+02
181 6.506927e+01 3.729597e+01 2.000000e+02
182 6.456952e+01 3.815464e+01 2.000000e+02
183 6.405844e+01 3.900661e+01 2.000000e+02
184 6.353612e+01 3.985174e+01 2.000000e+02
185 6.300265e+01 4.068987e+01 2.000000e+02
186 6.245813e+01 4.152087e+01 2.000000e+02
187 6.190264e+01 4.234458e+01 2.000000e+02
188 6.133629e+01 4.316086e+01 2.000000e+02
189 6.075918e+01 4.396956e+01 2.000000e+02
190 6.017140e+01 4.477055e+01 2.000000e+02
191 5.957307e+01 4.556368e+01 2.000000e+02
192 5.896429e+01 4.634882e+01 2.000000e+02
193 5.834515e+01 4.712582e+01 2.000000e+02
194 5.771578e+01 4.789456e+01 2.000000e+02
195 5.707628e+01 4.865489e+01 2.000000e+02
196 5.642677e+01 4.940668e+01 2.000000e+02
197 5.576735e+01 5.014980e+01 2.000000e+02
198 5.509815e+01 5.088412e+01 2.000000e+02
199 5.441928e+01 5.160952e+01 2.000000e+02
200 5.373086e+01 5.232585e+01 2.000000e+02
201 5.303301e+01 5.303301e+01 2.000000e+02
202 5.232585e+01 5.373086e+01 2.000000e+02
203 5.160952e+01 5.441928e+01 2.000000e+02
204 5.088412e+01 5.509815e+01 2.000000e+02
205 5.014980e+01 5.576735e+01 2.000000e+02
206 4.940668e+01 5.642677e+01 2.000000e+02
207 4.865489e+01 5.707628e+01 2.000000e+02
208 4.789456e+01 5.771578e+01 2.000000e+02
209 4.712582e+01 5.834515e+01 2.000000e+02
210 4.634882e+01 5.896429e+01 2.000000e+02
211 4.556368e+01 5.957307e+01 2.000000e+02
212 4.477055e+01 6.017140e+01 2.000000e+02
213 4.396956e+01 6.075918e+01 2.000000e+02
214 4.316086e+01 6.133629e+01 2.000000e+02
215 4.234458e+01 6.190264e+01 2.000000e+02
216 4.152087e+01 6.245813e+01 2.000000e+02
217 4.068987e+01 6.300265e+01 2.000000e+02
218 3.985174e+01 6.353612e+01 2.000000e+02
219 3.900661e+01 6.405844e+01 2.000000e+02
220 3.815464e+01 6.456952e+01 2.000000e+02
221 3.729597e+01 6.506927e+01 2.000000e+02
222 3.643076e+01 6.555761e+01 2.000000e+02
223 3.555915e+01 6.603443e+01 2.000000e+02
224 3.468131e+01 6.649968e+01 2.000000e+02
225 3.379738e+01 6.695325e+01 2.000000e+02
226 3.290752e+01 6.739507e+01 2.000000e+02
227 3.201188e+01 6.782507e+01 2.000000e+02
228 3.111063e+01 6.824316e+01 2.000000e+02
229 3.020391e+01 6.864928e+01 2.000000e+02
230 2.929190e+01 6.904335e+01 2.000000e+02
231 2.837475e+01 6.942531e+01 2.000000e+02
232 2.745262e+01 6.979508e+01 2.000000e+02
233 2.652567e+01 7.015261e+01 2.000000e+02
234 2.559406e+01 7.049783e+01 2.000000e+02
235 2.465797e+01 7.083068e+01 2.000000e+02
236 2.371755e+01 7.115109e+01 2.000000e+02
237 2.277296e+01 7.145902e+01 2.000000e+02
238 2.182438e+01 7.175442e+01 2.000000e+02
239 2.087197e+01 7.203722e+01 2.000000e+02
240 1.991590e+01 7.230738e+01 2.000000e+02
241 1.895633e+01 7.256485e+01 2.000000e+02
242 1.799344e+01 7.280959e+01 2.000000e+02
243 1.702739e+01 7.304155e+01 2.000000e+02
244 1.605835e+01 7.326070e+01 2.000000e+02
245 1.508649e+01 7.346698e+01 2.000000e+02
246 1.411199e+01 7.366038e+01 2.000000e+02
247 1.313501e+01 7.384085e+01 2.000000e+02
248 1.215572e+01 7.400837e+01 2.000000e+02
249 1.117430e+01 7.416289e+01 2.000000e+02
250 1.019092e+01 7.430441e+01 2.000000e+02
251 9.205756e+00 7.443288e+01 2.000000e+02
252 8.218973e+00 7.454830e+01 2.000000e+02
253 7.230748e+00 7.465063e+01 2.000000e+02
254 6.241254e+00 7.473986e+01 2.000000e+02
255 5.250665e+00 7.481598e+01 2.000000e+02
256 4.259154e+00 7.487897e+01 2.000000e+02
257 7.496368e+01 -2.333859e+00 0.000000e+00
258 7.498692e+01 -1.400460e+00 0.000000e+00
259 7.499855e+01 -4.668442e-01 0.000000e+00
260 7.499855e+01 4.668442e-01 0.000000e+00
261 7.498692e+01 1.400460e+00 0.000000e+00
262 7.496368e+01 2.333859e+00 0.000000e+00
263 -7.487897e+01 -4.259154e+00 0.000000e+00
264 -7.481598e+01 -5.250665e+00 0.000000e+00
265 -7.473986e+01 -6.241254e+00 0.000000e+00
266 -7.465063e+01 -7.230748e+00 0.000000e+00
267 -7.454830e+01 -8.218973e+00 0.000000e+00
268 -7.443288e+01 -9.205756e+00 0.000000e+00
269 -7.430441e+01 -1.019092e+01 0.000000e+00
270 -7.416289e+01 -1.117430e+01 0.000000e+00
271 -7.400837e+01 -1.215572e+01 0.000000e+00
272 -7.384085e+01 -1.313501e+01 0.000000e+00
273 -7.366038e+01 -1.411199e+01 0.000000e+00
274 -7.346698e+01 -1.508649e+01 0.000000e+00
275 -7.326070e+01 -1.605835e+01 0.000000e+00
276 -7.304155e+01 -1.702739e+01 0.000000e+00
277 -7.280959e+01 -1.799344e+01 0.000000e+00
278 -7.256485e+01 -1.895633e+01 0.000000e+00
279 -7.230738e+01 -1.991590e+01 0.000000e+00
280 -7.203722e+01 -2.087197e+01 0.000000e+00
281 -7.175442e+01 -2.182438e+01 0.000000e+00
282 -7.145902e+01 -2.277296e+01 0.000000e+00
283 -7.115109e+01 -2.371755e+01 0.000000e+00
284 -7.083068e+01 -2.465797e+01 0.000000e+00
285 -7.049783e+01 -2.559406e+01 0.000000e+00
286 -7.015261e+01 -2.652567e+01 0.000000e+00
287 -6.979508e+01 -2.745262e+01 0.000000e+00
288 -6.942531e+01 -2.837475e+01 0.000000e+00
289 -6.904335e+01 -2.929190e+01 0.000000e+00
290 -6.864928e+01 -3.020391e+01 0.000000e+00
291 -6.824316e+01 -3.111063e+01 0.000000e+00
292 -6.782507e+01 -3.201188e+01 0.000000e+00
293 -6.739507e+01 -3.290752e+01 0.000000e+00
294 -6.695325e+01 -3.379738e+01 0.000000e+00
295 -6.649968e+01 -3.468131e+01 0.000000e+00
296 -6.603443e+01 -3.555915e+01 0.000000e+00
297 -6.555761e+01 -3.643076e+01 0.000000e+00
298 -6.506927e+01 -3.729597e+01 0.000000e+00
299 -6.456952e+01 -3.815464e+01 0.000000e+00
300 -6.405844e+01 -3.900661e+01 0.000000e+00
301 -6.353612e+01 -3.985174e+01 0.000000e+00
302 -6.300265e+01 -4.068987e+01 0.000000e+00
303 -6.245813e+01 -4.152087e+01 0.000000e+00
304 -6.190264e+01 -4.234458e+01 0.000000e+00
305 -6.133629e+01 -4.316086e+01 0.000000e+00
306 -6.075918e+01 -4.396956e+01 0.000000e+00
307 -6.017140e+01 -4.477055e+01 0.000000e+00
308 -5.957307e+01 -4.556368e+01 0.000000e+00
309 -5.896429e+01 -4.634882e+01 0.000000e+00
310 -5.834515e+01 -4.712582e+01 0.000000e+00
311 -5.771578e+01 -4.789456e+01 0.000000e+00
312 -5.707628e+01 -4.865489e+01 0.000000e+00
313 -5.642677e+01 -4.940668e+01 0.000000e+00
314 -5.576735e+01 -5.014980e+01 0.000000e+00
315 -5.509815e+01 -5.088412e+01 0.000000e+00
316 -5.441928e+01 -5.160952e+01 0.000000e+00
317 -5.373086e+01 -5.232585e+01 0.000000e+00
318 -5.303301e+01 -5.303301e+01 0.000000e+00
319 -5.232585e+01 -5.373086e+01 0.000000e+00
320 -5.160952e+01 -5.441928e+01 0.000000e+00
321 -5.088412e+01 -5.509815e+01 0.000000e+00
322 -5.014980e+01 -5.576735e+01 0.000000e+00
323 -4.940668e+01 -5.642677e+01 0.000000e+00
324 -4.865489e+01 -5.707628e+01 0.000000e+00
325 -4.789456e+01 -5.771578e+01 0.000000e+00
326 -4.712582e+01 -5.834515e+01 0.000000e+00
327 -4.634882e+01 -5.896429e+01 0.000000e+00
328 -4.556368e+01 -5.957307e+01 0.000000e+00
329 -4.477055e+01 -6.017140e+01 0.000000e+00
330 -4.396956e+01 -6.075918e+01 0.000000e+00
331 -4.316086e+01 -6.133629e+01 0.000000e+00
332 -4.234458e+01 -6.190264e+01 0.000000e+00
333 -4.152087e+01 -6.245813e+01 0.000000e+00
334 -4.068987e+01 -6.300265e+01 0.000000e+00
335 -3.985174e+01 -6.353612e+01 0.000000e+00
336 -3.900661e+01 -6.405844e+01 0.000000e+00
337 -3.815464e+01 -6.456952e+01 0.000000e+00
338 -3.729597e+01 -6.506927e+01 0.000000e+00
339 -3.643076e+01 -6.555761e+01 0.000000e+00
340 -3.555915e+01 -6.603443e+01 0.000000e+00
341 -3.468131e+01 -6.649968e+01 0.000000e+00
342 -3.379738e+01 -6.695325e+01 0.000000e+00
343 -3.290752e+01 -6.739507e+01 0.000000e+00
344 -3.201188e+01 -6.782507e+01 0.000000e+00
345 -3.111063e+01 -6.824316e+01 0.000000e+00
346 -3.020391e+01 -6.864928e+01 0.000000e+00
347 -2.929190e+01 -6.904335e+01 0.000000e+00
348 -2.837475e+01 -6.942531e+01 0.000000e+00
349 -2.745262e+01 -6.979508e+01 0.000000e+00
350 -2.652567e+01 -7.015261e+01 0.000000e+00
351 -2.559406e+01 -7.049783e+01 0.000000e+00
352 -2.465797e+01 -7.083068e+01 0.000000e+00
353 -2.371755e+01 -7.115109e+01 0.000000e+00
354 -2.277296e+01 -7.145902e+01 0.000000e+00
355 -2.182438e+01 -7.175442e+01 0.000000e+00
356 -2.087197e+01 -7.203722e+01 0.000000e+00
357 -1.991590e+01 -7.230738e+01 0.000000e+00
358 -1.895633e+01 -7.256485e+01 0.000000e+00
359 -1.799344e+01 -7.280959e+01 0.000000e+00
360 -1.702739e+01 -7.304155e+01 0.000000e+00
361 -1.605835e+01 -7.326070e+01 0.000000e+00
362 -1.508649e+01 -7.346698e+01 0.000000e+00
363 -1.411199e+01 -7.366038e+01 0.000000e+00
364 -1.313501e+01 -7.384085e+01 0.000000e+00
365 -1.215572e+01 -7.400837e+01 0.000000e+00
366 -1.117430e+01 -7.416289e+01 0.000000e+00
367 -1.019092e+01 -7.430441e+01 0.000000e+00
368 -9.205756e+00 -7.443288e+01 0.000000e+00
369 -8.218973e+00 -7.454830e+01 0.000000e+00
370 -7.230748e+00 -7.465063e+01 0.000000e+00
371 -6.241254e+00 -7.473986e+01 0.000000e+00
372 -5.250665e+00 -7.481598e+01 0.000000e+00
373 -4.259154e+00 -7.487897e+01 0.000000e+00
374 -2.333859e+00 -7.496368e+01 2.000000e+02
375 -1.400460e+00 -7.498692e+01 2.000000e+02
376 -4.668442e-01 -7.499855e+01 2.000000e+02
377 4.668442e-01 -7.499855e+01 2.000000e+02
378 1.400460e+00 -7.498692e+01 2.000000e+02
379 2.333859e+00 -7.496368e+01 2.000000e+02
380 2.333859e+00 7.496368e+01 0.000000e+00
381 1.400460e+00 7.498692e+01 0.000000e+00
382 4.668442e-01 7.499855e+01 0.000000e+00
383 -4.668442e-01 7.499855e+01 0.000000e+00
384 -1.400460e+00 7.498692e+01 0.000000e+00
385 -2.333859e+00 7.496368e+01 0.000000e+00
386 4.259154e+00 -7.487897e+01 0.000000e+00
387 5.250665e+00 -7.481598e+01 0.000000e+00
388 6.241254e+00 -7.473986e+01 0.000000e+00
389 7.230748e+00 -7.465063e+01 0.000000e+00
390 8.218973e+00 -7.454830e+01 0.000000e+00
391 9.205756e+00 -7.443288e+01 0.000000e+00
392 1.019092e+01 -7.430441e+01 0.000000e+00
393 1.117430e+01 -7.416289e+01 0.000000e+00
394 1.215572e+01 -7.400837e+01 0.000000e+00
395 1.313501e+01 -7.384085e+01 0.000000e+00
396 1.411199e+01 -7.366038e+01 0.000000e+00
397 1.508649e+01 -7.346698e+01 0.000000e+00
398 1.605835e+01 -7.326070e+01 0.000000e+00
399 1.702739e+01 -7.304155e+01 0.000000e+00
400 1.799344e+01 -7.280959e+01 0.000000e+00
401 1.895633e+01 -7.256485e+01 0.000000e+00
402 1.991590e+01 -7.230738e+01 0.000000e+00
403 2.087197e+01 -7.203722e+01 0.000000e+00
404 2.182438e+01 -7.175442e+01 0.000000e+00
405 2.277296e+01 -7.145902e+01 0.000000e+00
406 2.371755e+01 -7.115109e+01 0.000000e+00
407 2.465797e+01 -7.083068e+01 0.000000e+00
408 2.559406e+01 -7.049783e+01 0.000000e+00
409 2.652567e+01 -7.015261e+01 0.000000e+00
410 2.745262e+01 -6.979508e+01 0.000000e+00
411 2.837475e+01 -6.942531e+01 0.000000e+00
412 2.929190e+01 -6.904335e+01 0.000000e+00
413 3.020391e+01 -6.864928e+01 0.000000e+00
414 3.111063e+01 -6.824316e+01 0.000000e+00
415 3.201188e+01 -6.782507e+01 0.000000e+00
416 3.290752e+01 -6.739507e+01 0.000000e+00
417 3.379738e+01 -6.695325e+01 0.000000e+00
418 3.468131e+01 -6.649968e+01 0.000000e+00
419 3.555915e+01 -6.603443e+01 0.000000e+00
420 3.643076e+01 -6.555761e+01 0.000000e+00
421 3.729597e+01 -6.506927e+01 0.000000e+00
422 3.815464e+01 -6.456952e+01 0.000000e+00
423 3.900661e+01 -6.405844e+01 0.000000e+00
424 3.985174e+01 -6.353612e+01 0.000000e+00
425 4.068987e+01 -6.300265e+01 0.000000e+00
426 4.152087e+01 -6.245813e+01 0.000000e+00
427 4.234458e+01 -6.190264e+01 0.000000e+00
428 4.316086e+01 -6.133629e+01 0.000000e+00
429 4.396956e+01 -6.075918e+01 0.000000e+00
430 4.477055e+01 -6.017140e+01 0.000000e+00
431 4.556368e+01 -5.957307e+01 0.000000e+00
432 4.634882e+01 -5.896429e+01 0.000000e+00
433 4.712582e+01 -5.834515e+01 0.000000e+00
434 4.789456e+01 -5.771578e+01 0.000000e+00
435 4.865489e+01 -5.707628e+01 0.000000e+00
436 4.940668e+01 -5.642677e+01 0.000000e+00
437 5.014980e+01 -5.576735e+01 0.000000e+00
438 5.088412e+01 -5.509815e+01 0.000000e+00
439 5.160952e+01 -5.441928e+01 0.000000e+00
440 5.232585e+01 -5.373086e+01 0.000000e+00
441 5.303301e+01 -5.303301e+01 0.000000e+00
442 5.373086e+01 -5.232585e+01 0.000000e+00
443 5.441928e+01 -5.160952e+01 0.000000e+00
444 5.509815e+01 -5.088412e+01 0.000000e+00
445 5.576735e+01 -5.014980e+01 0.000000e+00
446 5.642677e+01 -4.940668e+01 0.000000e+00
447 5.707628e+01 -4.865489e+01 0.000000e+00
448 5.771578e+01 -4.789456e+01 0.000000e+00
449 5.834515e+01 -4.712582e+01 0.000000e+00
450 5.896429e+01 -4.634882e+01 0.000000e+00
451 5.957307e+01 -4.556368e+01 0.000000e+00
452 6.017140e+01 -4.477055e+01 0.000000e+00
453 6.075918e+01 -4.396956e+01 0.000000e+00
454 6.133629e+01 -4.316086e+01 0.000000e+00
455 6.190264e+01 -4.234458e+01 0.000000e+00
456 6.245813e+01 -4.152087e+01 0.000000e+00
457 6.300265e+01 -4.068987e+01 0.000000e+00
458 6.353612e+01 -3.985174e+01 0.000000e+00
459 6.405844e+01 -3.900661e+01 0.000000e+00
460 6.456952e+01 -3.815464e+01 0.000000e+00
461 6.506927e+01 -3.729597e+01 0.000000e+00
462 6.555761e+01 -3.643076e+01 0.000000e+00
463 6.603443e+01 -3.555915e+01 0.000000e+00
464 6.649968e+01 -3.468131e+01 0.000000e+00
465 6.695325e+01 -3.379738e+01 0.000000e+00
466 6.739507e+01 -3.290752e+01 0.000000e+00
467 6.782507e+01 -3.201188e+01 0.000000e+00
468 6.824316e+01 -3.111063e+01 0.000000e+00
469 6.864928e+01 -3.020391e+01 0.000000e+00
470 6.904335e+01 -2.929190e+01 0.000000e+00
471 6.942531e+01 -2.837475e+01 0.000000e+00
472 6.979508e+01 -2.745262e+01 0.000000e+00
473 7.015261e+01 -2.652567e+01 0.000000e+00
474 7.049783e+01 -2.559406e+01 0.000000e+00
475 7.083068e+01 -2.465797e+01 0.000000e+00
476 7.115109e+01 -2.371755e+01 0.000000e+00
477 7.145902e+01 -2.277296e+01 0.000000e+00
478 7.175442e+01 -2.182438e+01 0.000000e+00
479 7.203722e+01 -2.087197e+01 0.000000e+00
480 7.230738e+01 -1.991590e+01 0.000000e+00
481 7.256485e+01 -1.895633e+01 0.000000e+00
482 7.280959e+01 -1.799344e+01 0.000000e+00
483 7.304155e+01 -1.702739e+01 0.000000e+00
484 7.326070e+01 -1.605835e+01 0.000000e+00
485 7.346698e+01 -1.508649e+01 0.000000e+00
486 7.366038e+01 -1.411199e+01 0.000000e+00
487 7.384085e+01 -1.313501e+01 0.000000e+00
488 7.400837e+01 -1.215572e+01 0.000000e+00
489 7.416289e+01 -1.117430e+01 0.000000e+00
490 7.430441e+01 -1.019092e+01 0.000000e+00
491 7.443288e+01 -9.205756e+00 0.000000e+00
492 7.454830e+01 -8.218973e+00 0.000000e+00
493 7.465063e+01 -7.230748e+00 0.000000e+00
494 7.473986e+01 -6.241254e+00 0.000000e+00
495 7.481598e+01 -5.250665e+00 0.000000e+00
496 7.487897e+01 -4.259154e+00 0.000000e+00
497 -7.487897e+01 -4.259154e+00 2.000000e+02
498 -7.481598e+01 -5.250665e+00 2.000000e+02
499 -7.473986e+01 -6.241254e+00 2.000000e+02
500 -7.465063e+01 -7.230748e+00 2.000000e+02
501 -7.454830e+01 -8.218973e+00 2.000000e+02
502 -7.443288e+01 -9.205756e+00 2.000000e+02
503 -7.430441e+01 -1.019092e+01 2.000000e+02
504 -7.416289e+01 -1.117430e+01 2.000000e+02
505 -7.400837e+01 -1.215572e+01 2.000000e+02
506 -7.384085e+01 -1.313501e+01 2.000000e+02
507 -7.366038e+01 -1.411199e+01 2.000000e+02
508 -7.346698e+01 -1.508649e+01 2.000000e+02
509 -7.326070e+01 -1.605835e+01 2.000000e+02
510 -7.304155e+01 -1.702739e+01 2.000000e+02
511 -7.280959e+01 -1.799344e+01 2.000000e+02
512 -7.256485e+01 -1.895633e+01 2.000000e+02
513 -7.230738e+01 -1.991590e+01 2.000000e+02
514 -7.203722e+01 -2.087197e+01 2.000000e+02
515 -7.175442e+01 -2.182438e+01 2.000000e+02
516 -7.145902e+01 -2.277296e+01 2.000000e+02
517 -7.115109e+01 -2.371755e+01 2.000000e+02
518 -7.083068e+01 -2.465797e+01 2.000000e+02
519 -7.049783e+01 -2.559406e+01 2.000000e+02
520 -7.015261e+01 -2.652567e+01 2.000000e+02
521 -6.979508e+01 -2.745262e+01 2.000000e+02
522 -6.942531e+01 -2.837475e+01 2.000000e+02
523 -6.904335e+01 -2.929190e+01 2.000000e+02
524 -6.864928e+01 -3.020391e+01 2.000000e+02
525 -6.824316e+01 -3.111063e+01 2.000000e+02
526 -6.782507e+01 -3.201188e+01 2.000000e+02
527 -6.739507e+01 -3.290752e+01 2.000000e+02
528 -6.695325e+01 -3.379738e+01 2.000000e+02
529 -6.649968e+01 -3.468131e+01 2.000000e+02
530 -6.603443e+01 -3.555915e+01 2.000000e+02
531 -6.555761e+01 -3.643076e+01 2.000000e+02
532 -6.506927e+01 -3.729597e+01 2.000000e+02
533 -6.456952e+01 -3.815464e+01 2.000000e+02
534 -6.405844e+01 -3.900661e+01 2.000000e+02
535 -6.353612e+01 -3.985174e+01 2.000000e+02
536 -6.300265e+01 -4.068987e+01 2.000000e+02
537 -6.245813e+01 -4.152087e+01 2.000000e+02
538 -6.190264e+01 -4.234458e+01 2.000000e+02
539 -6.133629e+01 -4.316086e+01 2.000000e+02
540 -6.075918e+01 -4.396956e+01 2.000000e+02
541 -6.017140e+01 -4.477055e+01 2.000000e+02
542 -5.957307e+01 -4.556368e+01 2.000000e+02
543 -5.896429e+01 -4.634882e+01 2.000000e+02
544 -5.834515e+01 -4.712582e+01 2.000000e+02
545 -5.771578e+01 -4.789456e+01 2.000000e+02
546 -5.707628e+01 -4.865489e+01 2.000000e+02
547 -5.642677e+01 -4.940668e+01 2.000000e+02
548 -5.576735e+01 -5.014980e+01 2.000000e+02
549 -5.509815e+01 -5.088412e+01 2.000000e+02
550 -5.441928e+01 -5.160952e+01 2.000000e+02
551 -5.373086e+01 -5.232585e+01 2.000000e+02
552 -5.303301e+01 -5.303301e+01 2.000000e+02
553 -5.232585e+01 -5.373086e+01 2.000000e+02
554 -5.160952e+01 -5.441928e+01 2.000000e+02
555 -5.088412e+01 -5.509815e+01 2.000000e+02
556 -5.014980e+01 -5.576735e+01 2.000000e+02
557 -4.940668e+01 -5.642677e+01 2.000000e+02
558 -4.865489e+01 -5.707628e+01 2.000000e+02
559 -4.789456e+01 -5.771578e+01 2.000000e+02
560 -4.712582e+01 -5.834515e+01 2.000000e+02
561 -4.634882e+01 -5.896429e+01 2.000000e+02
562 -4.556368e+01 -5.957307e+01 2.000000e+02
563 -4.477055e+01 -6.017140e+01 2.000000e+02
564 -4.396956e+01 -6.075918e+01 2.000000e+02
565 -4.316086e+01 -6.133629e+01 2.000000e+02
566 -4.234458e+01 -6.190264e+01 2.000000e+02
567 -4.152087e+01 -6.245813e+01 2.000000e+02
568 -4.068987e+01 -6.300265e+01 2.000000e+02
569 -3.985174e+01 -6.353612e+01 2.000000e+02
570 -3.900661e+01 -6.405844e+01 2.000000e+02
571 -3.815464e+01 -6.456952e+01 2.000000e+02
572 -3.729597e+01 -6.506927e+01 2.000000e+02
573 -3.643076e+01 -6.555761e+01 2.000000e+02
574 -3.555915e+01 -6.603443e+01 2.000000e+02
575 -3.468131e+01 -6.649968e+01 2.000000e+02
576 -3.379738e+01 -6.695325e+01 2.000000e+02
577 -3.290752e+01 -6.739507e+01 2.000000e+02
578 -3.201188e+01 -6.782507e+01 2.000000e+02
579 -3.111063e+01 -6.824316e+01 2.000000e+02
580 -3.020391e+01 -6.864928e+01 2.000000e+02
581 -2.929190e+01 -6.904335e+01 2.000000e+02
582 -2.837475e+01 -6.942531e+01 2.000000e+02
583 -2.745262e+01 -6.979508e+01 2.000000e+02
584 -2.652567e+01 -7.015261e+01 2.000000e+02
585 -2.559406e+01 -7.049783e+01 2.000000e+02
586 -2.465797e+01 -7.083068e+01 2.000000e+02
587 -2.371755e+01 -7.115109e+01 2.000000e+02
588 -2.277296e+01 -7.145902e+01 2.000000e+02
589 -2.182438e+01 -7.175442e+01 2.000000e+02
590 -2.087197e+01 -7.203722e+01 2.000000e+02
591 -1.991590e+01 -7.230738e+01 2.000000e+02
592 -1.895633e+01 -7.256485e+01 2.000000e+02
593 -1.799344e+01 -7.280959e+01 2.000000e+02
594 -1.702739e+01 -7.304155e+01 2.000000e+02
595 -1.605835e+01 -7.326070e+01 2.000000e+02
596 -1.508649e+01 -7.346698e+01 2.000000e+02
597 -1.411199e+01 -7.366038e+01 2.000000e+02
598 -1.313501e+01 -7.384085e+01 2.000000e+02
599 -1.215572e+01 -7.400837e+01 2.000000e+02
600 -1.117430e+01 -7.416289e+01 2.000000e+02
601 -1.019092e+01 -7.430441e+01 2.000000e+02
602 -9.205756e+00 -7.443288e+01 2.000000e+02
603 -8.218973e+00 -7.454830e+01 2.000000e+02
604 -7.230748e+00 -7.465063e+01 2.000000e+02
605 -6.241254e+00 -7.473986e+01 2.000000e+02
606 -5.250665e+00 -7.481598e+01 2.000000e+02
607 -4.259154e+00 -7.487897e+01 2.000000e+02
608 2.333859e+00 7.496368e+01 2.000000e+02
609 1.400460e+00 7.498692e+01 2.000000e+02
610 4.668442e-01 7.499855e+01 2.000000e+02
611 -4.668442e-01 7.499855e+01 2.000000e+02
612 -1.400460e+00 7.498692e+01 2.000000e+02
613 -2.333859e+00 7.496368e+01 2.000000e+02
614 7.487897e+01 4.259154e+00 0.000000e+00
615 7.481598e+01 5.250665e+00 0.000000e+00
616 7.473986e+01 6.241254e+00 0.000000e+00
617 7.465063e+01 7.230748e+00 0.000000e+00
618 7.454830e+01 8.218973e+00 0.000000e+00
619 7.443288e+01 9.205756e+00 0.000000e+00
620 7.430441e+01 1.019092e+01 0.000000e+00
621 7.416289e+01 1.117430e+01 0.000000e+00
622 7.400837e+01 1.215572e+01 0.000000e+00
623 7.384085e+01 1.313501e+01 0.000000e+00
624 7.366038e+01 1.411199e+01 0.000000e+00
625 7.346698e+01 1.508649e+01 0.000000e+00
626 7.326070e+01 1.605835e+01 0.000000e+00
627 7.304155e+01 1.702739e+01 0.000000e+00
628 7.280959e+01 1.799344e+01 0.000000e+00
629 7.256485e+01 1.895633e+01 0.000000e+00
630 7.230738e+01 1.991590e+01 0.000000e+00
631 7.203722e+01 2.087197e+01 0.000000e+00
632 7.175442e+01 2.182438e+01 0.000000e+00
633 7.145902e+01 2.277296e+01 0.000000e+00
634 7.115109e+01 2.371755e+01 0.000000e+00
635 7.083068e+01 2.465797e+01 0.000000e+00
636 7.049783e+01 2.559406e+01 0.000000e+00
637 7.015261e+01 2.652567e+01 0.000000e+00
638 6.979508e+01 2.745262e+01 0.000000e+00
639 6.942531e+01 2.837475e+01 0.000000e+00
640 6.904335e+01 2.929190e+01 0.000000e+00
641 6.864928e+01 3.020391e+01 0.000000e+00
642 6.824316e+01 3.111063e+01 0.000000e+00
643 6.782507e+01 3.201188e+01 0.000000e+00
644 6.739507e+01 3.290752e+01 0.000000e+00
645 6.695325e+01 3.379738e+01 0.000000e+00
646 6.649968e+01 3.468131e+01 0.000000e+00
647 6.603443e+01 3.555915e+01 0.000000e+00
648 6.555761e+01 3.643076e+01 0.000000e+00
649 6.506927e+01 3.729597e+01 0.000000e+00
650 6.456952e+01 3.815464e+01 0.000000e+00
651 6.405844e+01 3.900661e+01 0.000000e+00
652 6.353612e+01 3.985174e+01 0.000000e+00
653 6.300265e+01 4.068987e+01 0.000000e+00
654 6.245813e+01 4.152087e+01 0.000000e+00
655 6.190264e+01 4.234458e+01 0.000000e+00
656 6.133629e+01 4.316086e+01 0.000000e+00
657 6.075918e+01 4.396956e+01 0.000000e+00
658 6.017140e+01 4.477055e+01 0.000000e+00
659 5.957307e+01 4.556368e+01 0.000000e+00
660 5.896429e+01 4.634882e+01 0.000000e+00
661 5.834515e+01 4.712582e+01 0.000000e+00
662 5.771578e+01 4.789456e+01 0.000000e+00
663 5.707628e+01 4.865489e+01 0.000000e+00
664 5.642677e+01 4.940668e+01 0.000000e+00
665 5.576735e+01 5.014980e+01 0.000000e+00
666 5.509815e+01 5.088412e+01 0.000000e+00
667 5.441928e+01 5.160952e+01 0.000000e+00
668 5.373086e+01 5.232585e+01 0.000000e+00
669 5.303301e+01 5.303301e+01 0.000000e+00
670 5.232585e+01 5.373086e+01 0.000000e+00
671 5.160952e+01 5.441928e+01 0.000000e+00
672 5.088412e+01 5.509815e+01 0.000000e+00
673 5.014980e+01 5.576735e+01 0.000000e+00
674 4.940668e+01 5.642677e+01 0.000000e+00
675 4.865489e+01 5.707628e+01 0.000000e+00
676 4.789456e+01 5.771578e+01 0.000000e+00
677 4.712582e+01 5.834515e+01 0.000000e+00
678 4.634882e+01 5.896429e+01 0.000000e+00
679 4.556368e+01 5.957307e+01 0.000000e+00
680 4.477055e+01 6.017140e+01 0.000000e+00
681 4.396956e+01 6.075918e+01 0.000000e+00
682 4.316086e+01 6.133629e+01 0.000000e+00
683 4.234458e+01 6.190264e+01 0.000000e+00
684 4.152087e+01 6.245813e+01 0.000000e+00
685 4.068987e+01 6.300265e+01 0.000000e+00
686 3.985174e+01 6.353612e+01 0.000000e+00
687 3.900661e+01 6.405844e+01 0.000000e+00
688 3.815464e+01 6.456952e+01 0.000000e+00
689 3.729597e+01 6.506927e+01 0.000000e+00
690 3.643076e+01 6.555761e+01 0.000000e+00
691 3.555915e+01 6.603443e+01 0.000000e+00
692 3.468131e+01 6.649968e+01 0.000000e+00
693 3.379738e+01 6.695325e+01 0.000000e+00
694 3.290752e+01 6.739507e+01 0.000000e+00
695 3.201188e+01 6.782507e+01 0.000000e+00
696 3.111063e+01 6.824316e+01 0.000000e+00
697 3.020391e+01 6.864928e+01 0.000000e+00
698 2.929190e+01 6.904335e+01 0.000000e+00
699 2.837475e+01 6.942531e+01 0.000000e+00
700 2.745262e+01 6.979508e+01 0.000000e+00
701 2.652567e+01 7.015261e+01 0.000000e+00
702 2.559406e+01 7.049783e+01 0.000000e+00
703 2.465797e+01 7.083068e+01 0.000000e+00
704 2.371755e+01 7.115109e+01 0.000000e+00
705 2.277296e+01 7.145902e+01 0.000000e+00
706 2.182438e+01 7.175442e+01 0.000000e+00
707 2.087197e+01 7.203722e+01 0.000000e+00
708 1.991590e+01 7.230738e+01 0.000000e+00
709 1.895633e+01 7.256485e+01 0.000000e+00
710 1.799344e+01 7.280959e+01 0.000000e+00
711 1.702739e+01 7.304155e+01 0.000000e+00
712 1.605835e+01 7.326070e+01 0.000000e+00
713 1.508649e+01 7.346698e+01 0.000000e+00
714 1.411199e+01 7.366038e+01 0.000000e+00
715 1.313501e+01 7.384085e+01 0.000000e+00
716 1.215572e+01 7.400837e+01 0.000000e+00
717 1.117430e+01 7.416289e+01 0.000000e+00
718 1.019092e+01 7.430441e+01 0.000000e+00
719 9.205756e+00 7.443288e+01 0.000000e+00
720 8.218973e+00 7.454830e+01 0.000000e+00
721 7.230748e+00 7.465063e+01 0.000000e+00
722 6.241254e+00 7.473986e+01 0.000000e+00
723 5.250665e+00 7.481598e+01 0.000000e+00
724 4.259154e+00 7.487897e+01 0.000000e+00
725 7.496368e+01 -2.333859e+00 2.000000e+02
726 7.498692e+01 -1.400460e+00 2.000000e+02
727 7.499855e+01 -4.668442e-01 2.000000e+02
728 7.499855e+01 4.668442e-01 2.000000e+02
729 7.498692e+01 1.400460e+00 2.000000e+02
730 7.496368e+01 2.333859e+00 2.000000e+02
731 -4.259154e+00 7.487897e+01 2.000000e+02
732 -5.250665e+00 7.481598e+01 2.000000e+02
733 -6.241254e+00 7.473986e+01 2.000000e+02
734 -7.230748e+00 7.465063e+01 2.000000e+02
735 -8.218973e+00 7.454830e+01 2.000000e+02
736 -9.205756e+00 7.443288e+01 2.000000e+02
737 -1.019092e+01 7.430441e+01 2.000000e+02
738 -1.117430e+01 7.416289e+01 2.000000e+02
739 -1.215572e+01 7.400837e+01 2.000000e+02
740 -1.313501e+01 7.384085e+01 2.000000e+02
741 -1.411199e+01 7.366038e+01 2.000000e+02
742 -1.508649e+01 7.346698e+01 2.000000e+02
743 -1.605835e+01 7.326070e+01 2.000000e+02
744 -1.702739e+01 7.304155e+01 2.000000e+02
745 -1.799344e+01 7.280959e+01 2.000000e+02
746 -1.895633e+01 7.256485e+01 2.000000e+02
747 -1.991590e+01 7.230738e+01 2.000000e+02
748 -2.087197e+01 7.203722e+01 2.000000e+02
749 -2.182438e+01 7.175442e+01 2.000000e+02
750 -2.277296e+01 7.145902e+01 2.000000e+02
751 -2.371755e+01 7.115109e+01 2.000000e+02
752 -2.465797e+01 7.083068e+01 2.000000e+02
753 -2.559406e+01 7.049783e+01 2.000000e+02
754 -2.652567e+01 7.015261e+01 2.000000e+02
755 -2.745262e+01 6.979508e+01 2.000000e+02
756 -2.837475e+01 6.942531e+01 2.000000e+02
757 -2.929190e+01 6.904335e+01 2.000000e+02
758 -3.020391e+01 6.864928e+01 2.000000e+02
759 -3.111063e+01 6.824316e+01 2.000000e+02
760 -3.201188e+01 6.782507e+01 2.000000e+02
761 -3.290752e+01 6.739507e+01 2.000000e+02
762 -3.379738e+01 6.695325e+01 2.000000e+02
763 -3.468131e+01 6.649968e+01 2.000000e+02
764 -3.555915e+01 6.603443e+01 2.000000e+02
765 -3.643076e+01 6.555761e+01 2.000000e+02
766 -3.729597e+01 6.506927e+01 2.000000e+02
767 -3.815464e+01 6.456952e+01 2.000000e+02
768 -3.900661e+01 6.405844e+01 2.000000e+02
769 -3.985174e+01 6.353612e+01 2.000000e+02
770 -4.068987e+01 6.300265e+01 2.000000e+02
771 -4.152087e+01 6.245813e+01 2.000000e+02
772 -4.234458e+01 6.190264e+01 2.000000e+02
773 -4.316086e+01 6.133629e+01 2.000000e+02
774 -4.396956e+01 6.075918e+01 2.000000e+02
775 -4.477055e+01 6.017140e+01 2.000000e+02
776 -4.556368e+01 5.957307e+01 2.000000e+02
777 -4.634882e+01 5.896429e+01 2.000000e+02
778 -4.712582e+01 5.834515e+01 2.000000e+02
779 -4.789456e+01 5.771578e+01 2.000000e+02
780 -4.865489e+01 5.707628e+01 2.000000e+02
781 -4.940668e+01 5.642677e+01 2.000000e+02
782 -5.014980e+01 5.576735e+01 2.000000e+02
783 -5.088412e+01 5.509815e+01 2.000000e+02
784 -5.160952e+01 5.441928e+01 2.000000e+02
785 -5.232585e+01 5.373086e+01 2.000000e+02
786 -5.303301e+01 5.303301e+01 2.000000e+02
787 -5.373086e+01 5.232585e+01 2.000000e+02
788 -5.441928e+01 5.160952e+01 2.000000e+02
789 -5.509815e+01 5.088412e+01 2.000000e+02
790 -5.576735e+01 5.014980e+01 2.000000e+02
791 -5.642677e+01 4.940668e+01 2.000000e+02
792 -5.707628e+01 4.865489e+01 2.000000e+02
793 -5.771578e+01 4.789456e+01 2.000000e+02
794 -5.834515e+01 4.712582e+01 2.000000e+02
795 -5.896429e+01 4.634882e+01 2.000000e+02
796 -5.957307e+01 4.556368e+01 2.000000e+02
797 -6.017140e+01 4.477055e+01 2.000000e+02
798 -6.075918e+01 4.396956e+01 2.000000e+02
799 -6.133629e+01 4.316086e+01 2.000000e+02
800 -6.190264e+01 4.234458e+01 2.000000e+02
801 -6.245813e+01 4.152087e+01 2.000000e+02
802 -6.300265e+01 4.068987e+01 2.000000e+02
803 -6.353612e+01 3.985174e+01 2.000000e+02
804 -6.405844e+01 3.900661e+01 2.000000e+02
805 -6.456952e+01 3.815464e+01 2.000000e+02
806 -6.506927e+01 3.729597e+01 2.000000e+02
807 -6.555761e+01 3.643076e+01 2.000000e+02
808 -6.603443e+01 3.555915e+01 2.000000e+02
809 -6.649968e+01 3.468131e+01 2.000000e+02
810 -6.695325e+01 3.379738e+01 2.000000e+02
811 -6.739507e+01 3.290752e+01 2.000000e+02
812 -6.782507e+01 3.201188e+01 2.000000e+02
813 -6.824316e+01 3.111063e+01 2.000000e+02
814 -6.864928e+01 3.020391e+01 2.000000e+02
815 -6.904335e+01 2.929190e+01 2.000000e+02
816 -6.942531e+01 2.837475e+01 2.000000e+02
817 -6.979508e+01 2.745262e+01 2.000000e+02
818 -7.015261e+01 2.652567e+01 2.000000e+02
819 -7.049783e+01 2.559406e+01 2.000000e+02
820 -7.083068e+01 2.465797e+01 2.000000e+02
821 -7.115109e+01 2.371755e+01 2.000000e+02
822 -7.145902e+01 2.277296e+01 2.000000e+02
823 -7.175442e+01 2.182438e+01 2.000000e+02
824 -7.203722e+01 2.087197e+01 2.000000e+02
825 -7.230738e+01 1.991590e+01 2.000000e+02
826 -7.256485e+01 1.895633e+01 2.000000e+02
827 -7.280959e+01 1.799344e+01 2.000000e+02
828 -7.304155e+01 1.702739e+01 2.000000e+02
829 -7.326070e+01 1.605835e+01 2.000000e+02
830 -7.346698e+01 1.508649e+01 2.000000e+02
831 -7.366038e+01 1.411199e+01 2.000000e+02
832 -7.384085e+01 1.313501e+01 2.000000e+02
833 -7.400837e+01 1.215572e+01 2.000000e+02
834 -7.416289e+01 1.117430e+01 2.000000e+02
835 -7.430441e+01 1.019092e+01 2.000000e+02
836 -7.443288e+01 9.205756e+00 2.000000e+02
837 -7.454830e+01 8.218973e+00 2.000000e+02
838 -7.465063e+01 7.230748e+00 2.000000e+02
839 -7.473986e+01 6.241254e+00 2.000000e+02
840 -7.481598e+01 5.250665e+00 2.000000e+02
841 -7.487897e+01 4.259154e+00 2.000000e+02
842 4.259154e+00 -7.487897e+01 2.000000e+02
843 5.250665e+00 -7.481598e+01 2.000000e+02
844 6.241254e+00 -7.473986e+01 2.000000e+02
845 7.230748e+00 -7.465063e+01 2.000000e+02
846 8.218973e+00 -7.454830e+01 2.000000e+02
847 9.205756e+00 -7.443288e+01 2.000000e+02
848 1.019092e+01 -7.430441e+01 2.000000e+02
849 1.117430e+01 -7.416289e+01 2.000000e+02
850 1.215572e+01 -7.400837e+01 2.000000e+02
851 1.313501e+01 -7.384085e+01 2.000000e+02
852 1.411199e+01 -7.366038e+01 2.000000e+02
853 1.508649e+01 -7.346698e+01 2.000000e+02
854 1.605835e+01 -7.326070e+01 2.000000e+02
855 1.702739e+01 -7.304155e+01 2.000000e+02
856 1.799344e+01 -7.280959e+01 2.000000e+02
857 1.895633e+01 -7.256485e+01 2.000000e+02
858 1.991590e+01 -7.230738e+01 2.000000e+02
859 2.087197e+01 -7.203722e+01 2.000000e+02
860 2.182438e+01 -7.175442e+01 2.000000e+02
861 2.277296e+01 -7.145902e+01 2.000000e+02
862 2.371755e+01 -7.115109e+01 2.000000e+02
863 2.465797e+01 -7.083068e+01 2.000000e+02
864 2.559406e+01 -7.049783e+01 2.000000e+02
865 2.652567e+01 -7.015261e+01 2.000000e+02
866 2.745262e+01 -6.979508e+01 2.000000e+02
867 2.837475e+01 -6.942531e+01 2.000000e+02
868 2.929190e+01 -6.904335e+01 2.000000e+02
869 3.020391e+01 -6.864928e+01 2.000000e+02
870 3.111063e+01 -6.824316e+01 2.000000e+02
871 3.201188e+01 -6.782507e+01 2.000000e+02
872 3.290752e+01 -6.739507e+01 2.000000e+02
873 3.379738e+01 -6.695325e+01 2.000000e+02
874 3.468131e+01 -6.649968e+01 2.000000e+02
875 3.555915e+01 -6.603443e+01 2.000000e+02
876 3.643076e+01 -6.555761e+01 2.000000e+02
877 3.729597e+01 -6.506927e+01 2.000000e+02
878 3.815464e+01 -6.456952e+01 2.000000e+02
879 3.900661e+01 -6.405844e+01 2.000000e+02
880 3.985174e+01 -6.353612e+01 2.000000e+02
881 4.068987e+01 -6.300265e+01 2.000000e+02
882 4.152087e+01 -6.245813e+01 2.000000e+02
883 4.234458e+01 -6.190264e+01 2.000000e+02
884 4.316086e+01 -6.133629e+01 2.000000e+02
885 4.396956e+01 -6.075918e+01 2.000000e+02
886 4.477055e+01 -6.017140e+01 2.000000e+02
887 4.556368e+01 -5.957307e+01 2.000000e+02
888 4.634882e+01 -5.896429e+01 2.000000e+02
889 4.712582e+01 -5.834515e+01 2.000000e+02
890 4.789456e+01 -5.771578e+01 2.000000e+02
891 4.865489e+01 -5.707628e+01 2.000000e+02
892 4.940668e+01 -5.642677e+01 2.000000e+02
893 5.014980e+01 -5.576735e+01 2.000000e+02
894 5.088412e+01 -5.509815e+01 2.000000e+02
895 5.160952e+01 -5.441928e+01 2.000000e+02
896 5.232585e+01 -5.373086e+01 2.000000e+02
897 5.303301e+01 -5.303301e+01 2.000000e+02
898 5.373086e+01 -5.232585e+01 2.000000e+02
899 5.441928e+01 -5.160952e+01 2.000000e+02
900 5.509815e+01 -5.088412e+01 2.000000e+02
901 5.576735e+01 -5.014980e+01 2.000000e+02
902 5.642677e+01 -4.940668e+01 2.000000e+02
903 5.707628e+01 -4.865489e+01 2.000000e+02
904 5.771578e+01 -4.789456e+01 2.000000e+02
905 5.834515e+01 -4.712582e+01 2.000000e+02
906 5.896429e+01 -4.634882e+01 2.000000e+02
907 5.957307e+01 -4.556368e+01 2.000000e+02
908 6.017140e+01 -4.477055e+01 2.000000e+02
909 6.075918e+01 -4.396956e+01 2.000000e+02
910 6.133629e+01 -4.316086e+01 2.000000e+02
911 6.190264e+01 -4.234458e+01 2.000000e+02
912 6.245813e+01 -4.152087e+01 2.000000e+02
913 6.300265e+01 -4.068987e+01 2.000000e+02
914 6.353612e+01 -3.985174e+01 2.000000e+02
915 6.405844e+01 -3.900661e+01 2.000000e+02
916 6.456952e+01 -3.815464e+01 2.000000e+02
917 6.506927e+01 -3.729597e+01 2.000000e+02
918 6.555761e+01 -3.643076e+01 2.000000e+02
919 6.603443e+01 -3.555915e+01 2.000000e+02
920 6.649968e+01 -3.468131e+01 2.000000e+02
921 6.695325e+01 -3.379738e+01 2.000000e+02
922 6.739507e+01 -3.290752e+01 2.000000e+02
923 6.782507e+01 -3.201188e+01 2.000000e+02
924 6.824316e+01 -3.111063e+01 2.000000e+02
925 6.864928e+01 -3.020391e+01 2.000000e+02
926 6.904335e+01 -2.929190e+01 2.000000e+02
927 6.942531e+01 -2.837475e+01 2.000000e+02
928 6.979508e+01 -2.745262e+01 2.000000e+02
929 7.015261e+01 -2.652567e+01 2.000000e+02
930 7.049783e+01 -2.559406e+01 2.000000e+02
931 7.083068e+01 -2.465797e+01 2.000000e+02
932 7.115109e+01 -2.371755e+01 2.000000e+02
933 7.145902e+01 -2.277296e+01 2.000000e+02
934 7.175442e+01 -2.182438e+01 2.000000e+02
935 7.203722e+01 -2.087197e+01 2.000000e+02
936 7.230738e+01 -1.991590e+01 2.000000e+02
937 7.256485e+01 -1.895633e+01 2.000000e+02
938 7.280959e+01 -1.799344e+01 2.000000e+02
939 7.304155e+01 -1.702739e+01 2.000000e+02
940 7.326070e+01 -1.605835e+01 2.000000e+02
941 7.346698e+01 -1.508649e+01 2.000000e+02
942 7.366038e+01 -1.411199e+01 2.000000e+02
943 7.384085e+01 -1.313501e+01 2.000000e+02
944 7.400837e+01 -1.215572e+01 2.000000e+02
945 7.416289e+01 -1.117430e+01 2.000000e+02
946 7.430441e+01 -1.019092e+01 2.000000e+02
947 7.443288e+01 -9.205756e+00 2.000000e+02
948 7.454830e+01 -8.218973e+00 2.000000e+02
949 7.465063e+01 -7.230748e+00 2.000000e+02
950 7.473986e+01 -6.241254e+00 2.000000e+02
951 7.481598e+01 -5.250665e+00 2.000000e+02
952 7.487897e+01 -4.259154e+00 2.000000e+02
1 102 1 17 
2 102 17 18 
3 102 18 19 
4 102 19 20 
5 102 20 21 
6 102 21 22 
7 102 22 2 
8 102 3 23 
9 102 23 24 
10 102 24 25 
11 102 25 26 
12 102 26 27 
13 102 27 28 
14 102 28 4 
15 102 5 29 
16 102 29 30 
17 102 30 31 
18 102 31 32 
19 102 32 33 
20 102 33 34 
21 102 34 6 
22 102 7 35 
23 102 35 36 
24 102 36 37 
25 102 37 38 
26 102 38 39 
27 102 39 40 
28 102 40 41 
29 102 41 42 
30 102 42 43 
31 102 43 44 
32 102 44 45 
33 102 45 46 
34 102 46 47 
35 102 47 48 
36 102 48 49 
37 102 49 50 
38 102 50 51 
39 102 51 52 
40 102 52 53 
41 102 53 54 
42 102 54 55 
43 102 55 56 
44 102 56 57 
45 102 57 58 
46 102 58 59 
47 102 59 60 
48 102 60 61 
49 102 61 62 
50 102 62 63 
51 102 63 64 
52 102 64 65 
53 102 65 66 
54 102 66 67 
55 102 67 68 
56 102 68 69 
57 102 69 70 
58 102 70 71 
59 102 71 72 
60 102 72 73 
61 102 73 74 
62 102 74 75 
63 102 75 76 
64 102 76 77 
65 102 77 78 
66 102 78 79 
67 102 79 80 
68 102 80 81 
69 102 81 82 
70 102 82 83 
71 102 83 84 
72 102 84 85 
73 102 85 86 
74 102 86 87 
75 102 87 88 
76 102 88 89 
77 102 89 90 
78 102 90 91 
79 102 91 92 
80 102 92 93 
81 102 93 94 
82 102 94 95 
83 102 95 96 
84 102 96 97 
85 102 97 98 
86 102 98 99 
87 102 99 100 
88 102 100 101 
89 102 101 102 
90 102 102 103 
91 102 103 104 
92 102 104 105 
93 102 105 106 
94 102 106 107 
95 102 107 108 
96 102 108 109 
97 102 109 110 
98 102 110 111 
99 102 111 112 
100 102 112 113 
101 102 113 114 
102 102 114 115 
103 102 115 116 
104 102 116 117 
105 102 117 118 
106 102 118 119 
107 102 119 120 
108 102 120 121 
109 102 121 122 
110 102 122 123 
111 102 123 124 
112 102 124 125 
113 102 125 126 
114 102 126 127 
115 102 127 128 
116 102 128 129 
117 102 129 130 
118 102 130 131 
119 102 131 132 
120 102 132 133 
121 102 133 134 
122 102 134 135 
123 102 135 136 
124 102 136 137 
125 102 137 138 
126 102 138 139 
127 102 139 140 
128 102 140 141 
129 102 141 142 
130 102 142 143 
131 102 143 144 
132 102 144 145 
133 102 145 3 
134 102 8 146 
135 102 146 147 
136 102 147 148 
137 102 148 149 
138 102 149 150 
139 102 150 151 
140 102 151 152 
141 102 152 153 
142 102 153 154 
143 102 154 155 
144 102 155 156 
145 102 156 157 
146 102 157 158 
147 102 158 159 
148 102 159 160 
149 102 160 161 
150 102 161 162 
151 102 162 163 
152 102 163 164 
153 102 164 165 
154 102 165 166 
155 102 166 167 
156 102 167 168 
157 102 168 169 
158 102 169 170 
159 102 170 171 
160 102 171 172 
161 102 172 173 
162 102 173 174 
163 102 174 175 
164 102 175 176 
165 102 176 177 
166 102 177 178 
167 102 178 179 
168 102 179 180 
169 102 180 181 
170 102 181 182 
171 102 182 183 
172 102 183 184 
173 102 184 185 
174 102 185 186 
175 102 186 187 
176 102 187 188 
177 102 188 189 
178 102 189 190 
179 102 190 191 
180 102 191 192 
181 102 192 193 
182 102 193 194 
183 102 194 195 
184 102 195 196 
185 102 196 197 
186 102 197 198 
187 102 198 199 
188 102 199 200 
189 102 200 201 
190 102 201 202 
191 102 202 203 
192 102 203 204 
193 102 204 205 
194 102 205 206 
195 102 206 207 
196 102 207 208 
197 102 208 209 
198 102 209 210 
199 102 210 211 
200 102 211 212 
201 102 212 213 
202 102 213 214 
203 102 214 215 
204 102 215 216 
205 102 216 217 
206 102 217 218 
207 102 218 219 
208 102 219 220 
209 102 220 221 
210 102 221 222 
211 102 222 223 
212 102 223 224 
213 102 224 225 
214 102 225 226 
215 102 226 227 
216 102 227 228 
217 102 228 229 
218 102 229 230 
219 102 230 231 
220 102 231 232 
221 102 232 233 
222 102 233 234 
223 102 234 235 
224 102 235 236 
225 102 236 237 
226 102 237 238 
227 102 238 239 
228 102 239 240 
229 102 240 241 
230 102 241 242 
231 102 242 243 
232 102 243 244 
233 102 244 245 
234 102 245 246 
235 102 246 247 
236 102 247 248 
237 102 248 249 
238 102 249 250 
239 102 250 251 
240 102 251 252 
241 102 252 253 
242 102 253 254 
243 102 254 255 
244 102 255 256 
245 102 256 9 
246 102 10 257 
247 102 257 258 
248 102 258 259 
249 102 259 260 
250 102 260 261 
251 102 261 262 
252 102 262 11 
253 102 4 263 
254 102 263 264 
255 102 264 265 
256 102 265 266 
257 102 266 267 
258 102 267 268 
259 102 268 269 
260 102 269 270 
261 102 270 271 
262 102 271 272 
263 102 272 273 
264 102 273 274 
265 102 274 275 
266 102 275 276 
267 102 276 277 
268 102 277 278 
269 102 278 279 
270 102 279 280 
271 102 280 281 
272 102 281 282 
273 102 282 283 
274 102 283 284 
275 102 284 285 
276 102 285 286 
277 102 286 287 
278 102 287 288 
279 102 288 289 
280 102 289 290 
281 102 290 291 
282 102 291 292 
283 102 292 293 
284 102 293 294 
285 102 294 295 
286 102 295 296 
287 102 296 297 
288 102 297 298 
289 102 298 299 
290 102 299 300 
291 102 300 301 
292 102 301 302 
293 102 302 303 
294 102 303 304 
295 102 304 305 
296 102 305 306 
297 102 306 307 
298 102 307 308 
299 102 308 309 
300 102 309 310 
301 102 310 311 
302 102 311 312 
303 102 312 313 
304 102 313 314 
305 102 314 315 
306 102 315 316 
307 102 316 317 
308 102 317 318 
309 102 318 319 
310 102 319 320 
311 102 320 321 
312 102 321 322 
313 102 322 323 
314 102 323 324 
315 102 324 325 
316 102 325 326 
317 102 326 327 
318 102 327 328 
319 102 328 329 
320 102 329 330 
321 102 330 331 
322 102 331 332 
323 102 332 333 
324 102 333 334 
325 102 334 335 
326 102 335 336 
327 102 336 337 
328 102 337 338 
329 102 338 339 
330 102 339 340 
331 102 340 341 
332 102 341 342 
333 102 342 343 
334 102 343 344 
335 102 344 345 
336 102 345 346 
337 102 346 347 
338 102 347 348 
339 102 348 349 
340 102 349 350 
341 102 350 351 
342 102 351 352 
343 102 352 353 
344 102 353 354 
345 102 354 355 
346 102 355 356 
347 102 356 357 
348 102 357 358 
349 102 358 359 
350 102 359 360 
351 102 360 361 
352 102 361 362 
353 102 362 363 
354 102 363 364 
355 102 364 365 
356 102 365 366 
357 102 366 367 
358 102 367 368 
359 102 368 369 
360 102 369 370 
361 102 370 371 
362 102 371 372 
363 102 372 373 
364 102 373 1 
365 102 12 374 
366 102 374 375 
367 102 375 376 
368 102 376 377 
369 102 377 378 
370 102 378 379 
371 102 379 13 
372 102 14 380 
373 102 380 381 
374 102 381 382 
375 102 382 383 
376 102 383 384 
377 102 384 385 
378 102 385 7 
379 102 2 386 
380 102 386 387 
381 102 387 388 
382 102 388 389 
383 102 389 390 
384 102 390 391 
385 102 391 392 
386 102 392 393 
387 102 393 394 
388 102 394 395 
389 102 395 396 
390 102 396 397 
391 102 397 398 
392 102 398 399 
393 102 399 400 
394 102 400 401 
395 102 401 402 
396 102 402 403 
397 102 403 404 
398 102 404 405 
399 102 405 406 
400 102 406 407 
401 102 407 408 
402 102 408 409 
403 102 409 410 
404 102 410 411 
405 102 411 412 
406 102 412 413 
407 102 413 414 
408 102 414 415 
409 102 415 416 
410 102 416 417 
411 102 417 418 
412 102 418 419 
413 102 419 420 
414 102 420 421 
415 102 421 422 
416 102 422 423 
417 102 423 424 
418 102 424 425 
419 102 425 426 
420 102 426 427 
421 102 427 428 
422 102 428 429 
423 102 429 430 
424 102 430 431 
425 102 431 432 
426 102 432 433 
427 102 433 434 
428 102 434 435 
429 102 435 436 
430 102 436 437 
431 102 437 438 
432 102 438 439 
433 102 439 440 
434 102 440 441 
435 102 441 442 
436 102 442 443 
437 102 443 444 
438 102 444 445 
439 102 445 446 
440 102 446 447 
441 102 447 448 
442 102 448 449 
443 102 449 450 
444 102 450 451 
445 102 451 452 
446 102 452 453 
447 102 453 454 
448 102 454 455 
449 102 455 456 
450 102 456 457 
451 102 457 458 
452 102 458 459 
453 102 459 460 
454 102 460 461 
455 102 461 462 
456 102 462 463 
457 102 463 464 
458 102 464 465 
459 102 465 466 
460 102 466 467 
461 102 467 468 
462 102 468 469 
463 102 469 470 
464 102 470 471 
465 102 471 472 
466 102 472 473 
467 102 473 474 
468 102 474 475 
469 102 475 476 
470 102 476 477 
471 102 477 478 
472 102 478 479 
473 102 479 480 
474 102 480 481 
475 102 481 482 
476 102 482 483 
477 102 483 484 
478 102 484 485 
479 102 485 486 
480 102 486 487 
481 102 487 488 
482 102 488 489 
483 102 489 490 
484 102 490 491 
485 102 491 492 
486 102 492 493 
487 102 493 494 
488 102 494 495 
489 102 495 496 
490 102 496 10 
491 102 6 497 
492 102 497 498 
493 102 498 499 
494 102 499 500 
495 102 500 501 
496 102 501 502 
497 102 502 503 
498 102 503 504 
499 102 504 505 
500 102 505 506 
501 102 506 507 
502 102 507 508 
503 102 508 509 
504 102 509 510 
505 102 510 511 
506 102 511 512 
507 102 512 513 
508 102 513 514 
509 102 514 515 
510 102 515 516 
511 102 516 517 
512 102 517 518 
513 102 518 519 
514 102 519 520 
515 102 520 521 
516 102 521 522 
517 102 522 523 
518 102 523 524 
519 102 524 525 
520 102 525 526 
521 102 526 527 
522 102 527 528 
523 102 528 529 
524 102 529 530 
525 102 530 531 
526 102 531 532 
527 102 532 533 
528 102 533 534 
529 102 534 535 
530 102 535 536 
531 102 536 537 
532 102 537 538 
533 102 538 539 
534 102 539 540 
535 102 540 541 
536 102 541 542 
537 102 542 543 
538 102 543 544 
539 102 544 545 
540 102 545 546 
541 102 546 547 
542 102 547 548 
543 102 548 549 
544 102 549 550 
545 102 550 551 
546 102 551 552 
547 102 552 553 
548 102 553 554 
549 102 554 555 
550 102 555 556 
551 102 556 557 
552 102 557 558 
553 102 558 559 
554 102 559 560 
555 102 560 561 
556 102 561 562 
557 102 562 563 
558 102 563 564 
559 102 564 565 
560 102 565 566 
561 102 566 567 
562 102 567 568 
563 102 568 569 
564 102 569 570 
565 102 570 571 
566 102 571 572 
567 102 572 573 
568 102 573 574 
569 102 574 575 
570 102 575 576 
571 102 576 577 
572 102 577 578 
573 102 578 579 
574 102 579 580 
575 102 580 581 
576 102 581 582 
577 102 582 583 
578 102 583 584 
579 102 584 585 
580 102 585 586 
581 102 586 587 
582 102 587 588 
583 102 588 589 
584 102 589 590 
585 102 590 591 
586 102 591 592 
587 102 592 593 
588 102 593 594 
589 102 594 595 
590 102 595 596 
591 102 596 597 
592 102 597 598 
593 102 598 599 
594 102 599 600 
595 102 600 601 
596 102 601 602 
597 102 602 603 
598 102 603 604 
599 102 604 605 
600 102 605 606 
601 102 606 607 
602 102 607 12 
603 102 9 608 
604 102 608 609 
605 102 609 610 
606 102 610 611 
607 102 611 612 
608 102 612 613 
609 102 613 15 
610 102 11 614 
611 102 614 615 
612 102 615 616 
613 102 616 617 
614 102 617 618 
615 102 618 619 
616 102 619 620 
617 102 620 621 
618 102 621 622 
619 102 622 623 
620 102 623 624 
621 102 624 625 
622 102 625 626 
623 102 626 627 
624 102 627 628 
625 102 628 629 
626 102 629 630 
627 102 630 631 
628 102 631 632 
629 102 632 633 
630 102 633 634 
631 102 634 635 
632 102 635 636 
633 102 636 637 
634 102 637 638 
635 102 638 639 
636 102 639 640 
637 102 640 641 
638 102 641 642 
639 102 642 643 
640 102 643 644 
641 102 644 645 
642 102 645 646 
643 102 646 647 
644 102 647 648 
645 102 648 649 
646 102 649 650 
647 102 650 651 
648 102 651 652 
649 102 652 653 
650 102 653 654 
651 102 654 655 
652 102 655 656 
653 102 656 657 
654 102 657 658 
655 102 658 659 
656 102 659 660 
657 102 660 661 
658 102 661 662 
659 102 662 663 
660 102 663 664 
661 102 664 665 
662 102 665 666 
663 102 666 667 
664 102 667 668 
665 102 668 669 
666 102 669 670 
667 102 670 671 
668 102 671 672 
669 102 672 673 
670 102 673 674 
671 102 674 675 
672 102 675 676 
673 102 676 677 
674 102 677 678 
675 102 678 679 
676 102 679 680 
677 102 680 681 
678 102 681 682 
679 102 682 683 
680 102 683 684 
681 102 684 685 
682 102 685 686 
683 102 686 687 
684 102 687 688 
685 102 688 689 
686 102 689 690 
687 102 690 691 
688 102 691 692 
689 102 692 693 
690 102 693 694 
691 102 694 695 
692 102 695 696 
693 102 696 697 
694 102 697 698 
695 102 698 699 
696 102 699 700 
697 102 700 701 
698 102 701 702 
699 102 702 703 
700 102 703 704 
701 102 704 705 
702 102 705 706 
703 102 706 707 
704 102 707 708 
705 102 708 709 
706 102 709 710 
707 102 710 711 
708 102 711 712 
709 102 712 713 
710 102 713 714 
711 102 714 715 
712 102 715 716 
713 102 716 717 
714 102 717 718 
715 102 718 719 
716 102 719 720 
717 102 720 721 
718 102 721 722 
719 102 722 723 
720 102 723 724 
721 102 724 14 
722 102 16 725 
723 102 725 726 
724 102 726 727 
725 102 727 728 
726 102 728 729 
727 102 729 730 
728 102 730 8 
729 102 15 731 
730 102 731 732 
731 102 732 733 
732 102 733 734 
733 102 734 735 
734 102 735 736 
735 102 736 737 
736 102 737 738 
737 102 738 739 
738 102 739 740 
739 102 740 741 
740 102 741 742 
741 102 742 743 
742 102 743 744 
743 102 744 745 
744 102 745 746 
745 102 746 747 
746 102 747 748 
747 102 748 749 
748 102 749 750 
749 102 750 751 
750 102 751 752 
751 102 752 753 
752 102 753 754 
753 102 754 755 
754 102 755 756 
755 102 756 757 
756 102 757 758 
757 102 758 759 
758 102 759 760 
759 102 760 761 
760 102 761 762 
761 102 762 763 
762 102 763 764 
763 102 764 765 
764 102 765 766 
765 102 766 767 
766 102 767 768 
767 102 768 769 
768 102 769 770 
769 102 770 771 
770 102 771 772 
771 102 772 773 
772 102 773 774 
773 102 774 775 
774 102 775 776 
775 102 776 777 
776 102 777 778 
777 102 778 779 
778 102 779 780 
779 102 780 781 
780 102 781 782 
781 102 782 783 
782 102 783 784 
783 102 784 785 
784 102 785 786 
785 102 786 787 
786 102 787 788 
787 102 788 789 
788 102 789 790 
789 102 790 791 
790 102 791 792 
791 102 792 793 
792 102 793 794 
793 102 794 795 
794 102 795 796 
795 102 796 797 
796 102 797 798 
797 102 798 799 
798 102 799 800 
799 102 800 801 
800 102 801 802 
801 102 802 803 
802 102 803 804 
803 102 804 805 
804 102 805 806 
805 102 806 807 
806 102 807 808 
807 102 808 809 
808 102 809 810 
809 102 810 811 
810 102 811 812 
811 102 812 813 
812 102 813 814 
813 102 814 815 
814 102 815 816 
815 102 816 817 
816 102 817 818 
817 102 818 819 
818 102 819 820 
819 102 820 821 
820 102 821 822 
821 102 822 823 
822 102 823 824 
823 102 824 825 
824 102 825 826 
825 102 826 827 
826 102 827 828 
827 102 828 829 
828 102 829 830 
829 102 830 831 
830 102 831 832 
831 102 832 833 
832 102 833 834 
833 102 834 835 
834 102 835 836 
835 102 836 837 
836 102 837 838 
837 102 838 839 
838 102 839 840 
839 102 840 841 
840 102 841 5 
841 102 13 842 
842 102 842 843 
843 102 843 844 
844 102 844 845 
845 102 845 846 
846 102 846 847 
847 102 847 848 
848 102 848 849 
849 102 849 850 
850 102 850 851 
851 102 851 852 
852 102 852 853 
853 102 853 854 
854 102 854 855 
855 102 855 856 
856 102 856 857 
857 102 857 858 
858 102 858 859 
859 102 859 860 
860 102 860 861 
861 102 861 862 
862 102 862 863 
863 102 863 864 
864 102 864 865 
865 102 865 866 
866 102 866 867 
867 102 867 868 
868 102 868 869 
869 102 869 870 
870 102 870 871 
871 102 871 872 
872 102 872 873 
873 102 873 874 
874 102 874 875 
875 102 875 876 
876 102 876 877 
877 102 877 878 
878 102 878 879 
879 102 879 880 
880 102 880 881 
881 102 881 882 
882 102 882 883 
883 102 883 884 
884 102 884 885 
885 102 885 886 
886 102 886 887 
887 102 887 888 
888 102 888 889 
889 102 889 890 
890 102 890 891 
891 102 891 892 
892 102 892 893 
893 102 893 894 
894 102 894 895 
895 102 895 896 
896 102 896 897 
897 102 897 898 
898 102 898 899 
899 102 899 900 
900 102 900 901 
901 102 901 902 
902 102 902 903 
903 102 903 904 
904 102 904 905 
905 102 905 906 
906 102 906 907 
907 102 907 908 
908 102 908 909 
909 102 909 910 
910 102 910 911 
911 102 911 912 
912 102 912 913 
913 102 913 914 
914 102 914 915 
915 102 915 916 
916 102 916 917 
917 102 917 918 
918 102 918 919 
919 102 919 920 
920 102 920 921 
921 102 921 922 
922 102 922 923 
923 102 923 924 
924 102 924 925 
925 102 925 926 
926 102 926 927 
927 102 927 928 
928 102 928 929 
929 102 929 930 
930 102 930 931 
931 102 931 932 
932 102 932 933 
933 102 933 934 
934 102 934 935 
935 102 935 936 
936 102 936 937 
937 102 937 938 
938 102 938 939 
939 102 939 940 
940 102 940 941 
941 102 941 942 
942 102 942 943 
943 102 943 944 
944 102 944 945 
945 102 945 946 
946 102 946 947 
947 102 947 948 
948 102 948 949 
949 102 949 950 
950 102 950 951 
951 102 951 952 
952 102 952 16 
